file,dimred_method,target_dim,min_cluster_size,min_samples,n_neighbors,noise_mult,n_points,n_clusters_orig,n_noise_orig,ARI_orig,DBCV_orig,n_clusters_embedded,n_noise_embedded,ARI_embedded,DBCV_embedded_m,DBCV_embedded_e
16_0nm_00run_1000d.txt,tSNE,2,4,2,0,0,5042,193,682,0.6138606927523819,,429,577,0.0667222638142737,,0.3603457255757922
16_0nm_00run_1000d.txt,tSNE,2,4,3,0,0,5042,49,336,0.6976202584210354,,176,331,0.5854233111608509,,0.5051713115552875
16_0nm_00run_1000d.txt,tSNE,2,4,4,0,0,5042,11,61,0.7376937481928866,0.6523431976027192,100,261,0.7181288715171589,0.3836444167729214,0.5408806762842022
16_0nm_00run_1000d.txt,tSNE,2,8,4,0,0,5042,10,61,0.7377081519921111,0.6509379783456626,33,77,0.7051955750509714,0.5018612358596944,0.5299234005403195
16_0nm_00run_1000d.txt,tSNE,2,8,6,0,0,5042,10,104,0.719525504321289,,21,67,0.7333185608478467,0.493461002003287,0.508604639483569
16_0nm_00run_1000d.txt,tSNE,2,8,8,0,0,5042,10,119,0.7223376703448383,,19,59,0.7337810994595856,0.49314260576953,0.5111291794284767
16_0nm_00run_1000d.txt,tSNE,2,16,8,0,0,5042,10,119,0.7223376703448383,,17,46,0.7344581504714767,0.4876130575221205,0.5087908366298686
16_0nm_00run_1000d.txt,tSNE,2,16,12,0,0,5042,10,118,0.7209655837790256,,9,0,0.7263490824268555,0.62318105003479,0.5529939265679795
16_0nm_00run_1000d.txt,tSNE,2,16,16,0,0,5042,10,138,0.7210662237492887,,9,0,0.7263490824268555,0.6231810500347899,0.5529939265679795
16_0nm_00run_1000d.txt,tSNE,2,32,16,0,0,5042,10,138,0.7210662237492887,,9,0,0.7263490824268555,0.6231810500347899,0.5529939265679795
16_0nm_00run_1000d.txt,tSNE,2,32,24,0,0,5042,10,163,0.7181354593791215,,10,0,0.764600292354465,0.4670747212518988,0.5189615575957707
16_0nm_00run_1000d.txt,tSNE,2,32,32,0,0,5042,9,236,0.71645460334496,0.7944135210064696,9,0,0.7263490824268555,0.6231810500347899,0.5529939265679795
16_0nm_00run_1000d.txt,tSNE,2,64,32,0,0,5042,8,170,0.7014743159899914,,9,0,0.7263490824268555,0.6231810500347899,0.5529939265679795
16_0nm_00run_1000d.txt,tSNE,2,64,48,0,0,5042,8,195,0.6982775936114719,,9,0,0.7263490824268555,0.6231810500347899,0.5529939265679795
16_0nm_00run_1000d.txt,tSNE,2,64,64,0,0,5042,8,238,0.7043977311742603,,9,2,0.7261701493136405,0.6233483365526896,0.5527626249044446
16_0nm_00run_1000d.txt,tSNE,2,128,64,0,0,5042,8,238,0.7043977311742603,,9,2,0.7261701493136405,0.6233483365526896,0.5527626249044446
16_0nm_00run_1000d.txt,tSNE,2,128,96,0,0,5042,8,266,0.6873739315842056,,8,76,0.7522724445609174,0.7208277724346568,0.5389932909899874
16_0nm_00run_1000d.txt,tSNE,2,128,128,0,0,5042,8,262,0.6831838457324669,0.7589100636949012,8,375,0.7143208875031111,0.721448794360847,0.5237797277160566
16_0nm_00run_1000d.txt,tSNE,2,256,128,0,0,5042,8,262,0.6831838457324669,0.7589100636949012,8,375,0.7143208875031111,0.721448794360847,0.5237797277160566
16_0nm_00run_1000d.txt,tSNE,2,256,192,0,0,5042,8,401,0.6525345552301831,,6,1844,0.3243761970445813,,0.2838383151237847
16_0nm_00run_1000d.txt,tSNE,2,256,256,0,0,5042,7,256,0.5564271073498632,0.6945949662638322,4,1678,0.1911893381395496,-0.0034550155599521,0.260244582507303
16_0nm_00run_1000d.txt,tSNE,3,4,2,0,0,5042,193,682,0.6138606927523819,,481,798,0.0310109318331514,,0.3559735550770028
16_0nm_00run_1000d.txt,tSNE,3,4,3,0,0,5042,49,336,0.6976202584210354,,175,381,0.6939908451140376,0.5038745951449128,0.4461796959303207
16_0nm_00run_1000d.txt,tSNE,3,4,4,0,0,5042,11,61,0.7376937481928866,0.6523431976027192,8,0,0.7547344404802329,0.7308984934752968,0.3702070912046151
16_0nm_00run_1000d.txt,tSNE,3,8,4,0,0,5042,10,61,0.7377081519921111,0.6509379783456626,8,0,0.7547344404802329,0.7308984934752968,0.3702070912046151
16_0nm_00run_1000d.txt,tSNE,3,8,6,0,0,5042,10,104,0.719525504321289,,7,0,0.6297921471132295,0.6572608917583446,0.5189220579496348
16_0nm_00run_1000d.txt,tSNE,3,8,8,0,0,5042,10,119,0.7223376703448383,,7,0,0.6297921471132295,0.6572608917583445,0.5189220579496349
16_0nm_00run_1000d.txt,tSNE,3,16,8,0,0,5042,10,119,0.7223376703448383,,7,0,0.6297921471132295,0.6572608917583445,0.5189220579496349
16_0nm_00run_1000d.txt,tSNE,3,16,12,0,0,5042,10,118,0.7209655837790256,,7,0,0.6297921471132295,0.6572608917583445,0.5189220579496349
16_0nm_00run_1000d.txt,tSNE,3,16,16,0,0,5042,10,138,0.7210662237492887,,7,0,0.6297921471132295,0.6572608917583445,0.5189220579496349
16_0nm_00run_1000d.txt,tSNE,3,32,16,0,0,5042,10,138,0.7210662237492887,,7,0,0.6297921471132295,0.6572608917583445,0.5189220579496349
16_0nm_00run_1000d.txt,tSNE,3,32,24,0,0,5042,10,163,0.7181354593791215,,7,0,0.6297921471132295,0.6572608917583445,0.5189220579496349
16_0nm_00run_1000d.txt,tSNE,3,32,32,0,0,5042,9,236,0.71645460334496,0.7944135210064696,9,0,0.7670632554799734,0.4790650192029391,0.281789756760121
16_0nm_00run_1000d.txt,tSNE,3,64,32,0,0,5042,8,170,0.7014743159899914,,9,0,0.7670632554799734,0.4790650192029391,0.281789756760121
16_0nm_00run_1000d.txt,tSNE,3,64,48,0,0,5042,8,195,0.6982775936114719,,7,0,0.6297921471132295,0.6572608917583445,0.5189220579496349
16_0nm_00run_1000d.txt,tSNE,3,64,64,0,0,5042,8,238,0.7043977311742603,,7,29,0.6299806932105394,,0.5308011952607844
16_0nm_00run_1000d.txt,tSNE,3,128,64,0,0,5042,8,238,0.7043977311742603,,7,29,0.6299806932105394,,0.5308011952607844
16_0nm_00run_1000d.txt,tSNE,3,128,96,0,0,5042,8,266,0.6873739315842056,,8,430,0.7190193501529407,,0.4840899106629865
16_0nm_00run_1000d.txt,tSNE,3,128,128,0,0,5042,8,262,0.6831838457324669,0.7589100636949012,8,983,0.5707659856034515,0.6494325833377881,0.48975581042332
16_0nm_00run_1000d.txt,tSNE,3,256,128,0,0,5042,8,262,0.6831838457324669,0.7589100636949012,8,983,0.5707659856034515,0.6494325833377881,0.48975581042332
16_0nm_00run_1000d.txt,tSNE,3,256,192,0,0,5042,8,401,0.6525345552301831,,5,2365,0.2007287105017362,0.01910691102902,0.1894505356227364
16_0nm_00run_1000d.txt,tSNE,3,256,256,0,0,5042,7,256,0.5564271073498632,0.6945949662638322,2,3846,0.0432799309701566,0.0402199962566245,0.0529811962054033
16_0nm_00run_1000d.txt,UMAP,2,4,2,0,0,5042,193,682,0.6138606927523819,,491,583,0.0334870744994089,,0.473907974607415
16_0nm_00run_1000d.txt,UMAP,2,4,3,0,0,5042,49,336,0.6976202584210354,,437,728,0.0337770723467059,,0.4981120575246351
16_0nm_00run_1000d.txt,UMAP,2,4,4,0,0,5042,11,61,0.7376937481928866,0.6523431976027192,348,784,0.0443763482819768,,0.5086624765474875
16_0nm_00run_1000d.txt,UMAP,2,8,4,0,0,5042,10,61,0.7377081519921111,0.6509379783456626,226,589,0.0839399226231465,,0.4670890111265917
16_0nm_00run_1000d.txt,UMAP,2,8,6,0,0,5042,10,104,0.719525504321289,,190,704,0.2035068220610834,,0.5333900389886044
16_0nm_00run_1000d.txt,UMAP,2,8,8,0,0,5042,10,119,0.7223376703448383,,152,751,0.3787313399083543,,0.573492371086618
16_0nm_00run_1000d.txt,UMAP,2,16,8,0,0,5042,10,119,0.7223376703448383,,39,107,0.6707000718452472,,0.6777448975099878
16_0nm_00run_1000d.txt,UMAP,2,16,12,0,0,5042,10,118,0.7209655837790256,,20,21,0.7591337405377203,0.0867600150595143,0.7283546092867361
16_0nm_00run_1000d.txt,UMAP,2,16,16,0,0,5042,10,138,0.7210662237492887,,19,38,0.7593830642832413,0.0908470855492181,0.7246984415696881
16_0nm_00run_1000d.txt,UMAP,2,32,16,0,0,5042,10,138,0.7210662237492887,,12,19,0.7693660913853274,-0.0134981743970684,0.6478827011203601
16_0nm_00run_1000d.txt,UMAP,2,32,24,0,0,5042,10,163,0.7181354593791215,,12,19,0.7693660913853274,-0.0134981743970683,0.6478827011203601
16_0nm_00run_1000d.txt,UMAP,2,32,32,0,0,5042,9,236,0.71645460334496,0.7944135210064696,12,19,0.7693660913853274,-0.0134981743970683,0.6478827011203601
16_0nm_00run_1000d.txt,UMAP,2,64,32,0,0,5042,8,170,0.7014743159899914,,12,19,0.7693660913853274,-0.0134981743970683,0.6478827011203601
16_0nm_00run_1000d.txt,UMAP,2,64,48,0,0,5042,8,195,0.6982775936114719,,12,19,0.7693660913853274,-0.0134981743970684,0.6478827011203601
16_0nm_00run_1000d.txt,UMAP,2,64,64,0,0,5042,8,238,0.7043977311742603,,12,37,0.7668666707735472,-0.0124684189302104,0.6441969134577106
16_0nm_00run_1000d.txt,UMAP,2,128,64,0,0,5042,8,238,0.7043977311742603,,11,37,0.7442667485615171,-0.244586127488401,0.4794165998900382
16_0nm_00run_1000d.txt,UMAP,2,128,96,0,0,5042,8,266,0.6873739315842056,,11,71,0.7555913858417338,0.0442807554809114,0.6499950769273009
16_0nm_00run_1000d.txt,UMAP,2,128,128,0,0,5042,8,262,0.6831838457324669,0.7589100636949012,10,147,0.7792879796462661,0.3607260699103939,0.7033995667257242
16_0nm_00run_1000d.txt,UMAP,2,256,128,0,0,5042,8,262,0.6831838457324669,0.7589100636949012,9,324,0.7730824563481328,0.4595360189241662,0.6797945778617138
16_0nm_00run_1000d.txt,UMAP,2,256,192,0,0,5042,8,401,0.6525345552301831,,7,198,0.6182395754191006,-0.1944463788226599,0.5298199852950334
16_0nm_00run_1000d.txt,UMAP,2,256,256,0,0,5042,7,256,0.5564271073498632,0.6945949662638322,7,616,0.5633587270327837,-0.166636595466714,0.408946990842451
16_0nm_00run_1000d.txt,UMAP,3,4,2,0,0,5042,193,682,0.6138606927523819,,493,632,0.0323606075152242,,0.4766808296134451
16_0nm_00run_1000d.txt,UMAP,3,4,3,0,0,5042,49,336,0.6976202584210354,,406,721,0.0405966510374227,,0.4964206914766746
16_0nm_00run_1000d.txt,UMAP,3,4,4,0,0,5042,11,61,0.7376937481928866,0.6523431976027192,353,824,0.0437215598866937,,0.5015362419034437
16_0nm_00run_1000d.txt,UMAP,3,8,4,0,0,5042,10,61,0.7377081519921111,0.6509379783456626,242,728,0.061134183666762,,0.4676105812234959
16_0nm_00run_1000d.txt,UMAP,3,8,6,0,0,5042,10,104,0.719525504321289,,215,929,0.0717086452503222,,0.5060453853507687
16_0nm_00run_1000d.txt,UMAP,3,8,8,0,0,5042,10,119,0.7223376703448383,,147,691,0.3878704986049868,,0.5931105147487458
16_0nm_00run_1000d.txt,UMAP,3,16,8,0,0,5042,10,119,0.7223376703448383,,62,249,0.6095771863543695,0.3658645770744779,0.7067598425273174
16_0nm_00run_1000d.txt,UMAP,3,16,12,0,0,5042,10,118,0.7209655837790256,,25,71,0.6650674362375291,0.6183158218495322,0.7821386860750948
16_0nm_00run_1000d.txt,UMAP,3,16,16,0,0,5042,10,138,0.7210662237492887,,18,43,0.6877451385527994,0.606105607679833,0.8012830691839729
16_0nm_00run_1000d.txt,UMAP,3,32,16,0,0,5042,10,138,0.7210662237492887,,9,0,0.7378130586533909,0.6450023392581237,0.8285313179360971
16_0nm_00run_1000d.txt,UMAP,3,32,24,0,0,5042,10,163,0.7181354593791215,,9,0,0.7378130586533909,0.6450023392581237,0.8285313179360971
16_0nm_00run_1000d.txt,UMAP,3,32,32,0,0,5042,9,236,0.71645460334496,0.7944135210064696,9,0,0.7378130586533909,0.6450023392581236,0.8285313179360971
16_0nm_00run_1000d.txt,UMAP,3,64,32,0,0,5042,8,170,0.7014743159899914,,9,0,0.7378130586533909,0.6450023392581236,0.8285313179360971
16_0nm_00run_1000d.txt,UMAP,3,64,48,0,0,5042,8,195,0.6982775936114719,,9,0,0.7378130586533909,0.6450023392581237,0.8285313179360971
16_0nm_00run_1000d.txt,UMAP,3,64,64,0,0,5042,8,238,0.7043977311742603,,8,0,0.7547344404802329,0.7308984934752968,0.8403788669928669
16_0nm_00run_1000d.txt,UMAP,3,128,64,0,0,5042,8,238,0.7043977311742603,,8,0,0.7547344404802329,0.7308984934752968,0.8403788669928669
16_0nm_00run_1000d.txt,UMAP,3,128,96,0,0,5042,8,266,0.6873739315842056,,8,33,0.7580696949692828,0.7260667717556825,0.83660415890018
16_0nm_00run_1000d.txt,UMAP,3,128,128,0,0,5042,8,262,0.6831838457324669,0.7589100636949012,8,105,0.7640577632385509,0.7148752203136176,0.8280936480251846
16_0nm_00run_1000d.txt,UMAP,3,256,128,0,0,5042,8,262,0.6831838457324669,0.7589100636949012,8,105,0.7640577632385509,0.7148752203136176,0.8280936480251846
16_0nm_00run_1000d.txt,UMAP,3,256,192,0,0,5042,8,401,0.6525345552301831,,8,207,0.7670902178855703,0.7111423183235123,0.8352455502853543
16_0nm_00run_1000d.txt,UMAP,3,256,256,0,0,5042,7,256,0.5564271073498632,0.6945949662638322,8,355,0.7448564517865233,0.6944288376893467,0.8199751534891768
16_0nm_00run_1000d.txt,TriMap,2,4,2,0,0,5042,193,682,0.6138606927523819,,430,816,0.0359375962744897,,0.3870086668146492
16_0nm_00run_1000d.txt,TriMap,2,4,3,0,0,5042,49,336,0.6976202584210354,,375,1011,0.0361473403954583,,0.3893269502847431
16_0nm_00run_1000d.txt,TriMap,2,4,4,0,0,5042,11,61,0.7376937481928866,0.6523431976027192,265,980,0.1585224059793367,,0.4555895577020006
16_0nm_00run_1000d.txt,TriMap,2,8,4,0,0,5042,10,61,0.7377081519921111,0.6509379783456626,188,802,0.1903116874133098,,0.3987550362624087
16_0nm_00run_1000d.txt,TriMap,2,8,6,0,0,5042,10,104,0.719525504321289,,120,625,0.5002654997363388,,0.5599871815147672
16_0nm_00run_1000d.txt,TriMap,2,8,8,0,0,5042,10,119,0.7223376703448383,,106,627,0.5132959566045229,,0.5323265754693869
16_0nm_00run_1000d.txt,TriMap,2,16,8,0,0,5042,10,119,0.7223376703448383,,21,74,0.6620940988871783,0.5626169498485881,0.5418230139258995
16_0nm_00run_1000d.txt,TriMap,2,16,12,0,0,5042,10,118,0.7209655837790256,,8,0,0.7552630606989581,0.73086376933436,0.631892533127659
16_0nm_00run_1000d.txt,TriMap,2,16,16,0,0,5042,10,138,0.7210662237492887,,8,2,0.7548844731378579,0.7307403495922168,0.6664347013433789
16_0nm_00run_1000d.txt,TriMap,2,32,16,0,0,5042,10,138,0.7210662237492887,,12,46,0.7114837036953628,0.6556933963379289,0.6541102439957402
16_0nm_00run_1000d.txt,TriMap,2,32,24,0,0,5042,10,163,0.7181354593791215,,8,0,0.7552630606989581,0.73086376933436,0.6499637402284663
16_0nm_00run_1000d.txt,TriMap,2,32,32,0,0,5042,9,236,0.71645460334496,0.7944135210064696,9,9,0.72534901561722,0.6437209363978966,0.6668739537277475
16_0nm_00run_1000d.txt,TriMap,2,64,32,0,0,5042,8,170,0.7014743159899914,,8,0,0.7552630606989581,0.73086376933436,0.6539179154526453
16_0nm_00run_1000d.txt,TriMap,2,64,48,0,0,5042,8,195,0.6982775936114719,,8,2,0.7548844731378579,0.7307403495922169,0.6812640636812602
16_0nm_00run_1000d.txt,TriMap,2,64,64,0,0,5042,8,238,0.7043977311742603,,9,5,0.7360805419563864,0.6349457642356783,0.5899695564434977
16_0nm_00run_1000d.txt,TriMap,2,128,64,0,0,5042,8,238,0.7043977311742603,,8,45,0.7505071780986584,0.7256789884151651,0.6729276044491395
16_0nm_00run_1000d.txt,TriMap,2,128,96,0,0,5042,8,266,0.6873739315842056,,8,80,0.7388861641703606,,0.6919281395244808
16_0nm_00run_1000d.txt,TriMap,2,128,128,0,0,5042,8,262,0.6831838457324669,0.7589100636949012,8,193,0.7378915363876999,,0.6731056430342264
16_0nm_00run_1000d.txt,TriMap,2,256,128,0,0,5042,8,262,0.6831838457324669,0.7589100636949012,8,173,0.7311996728354432,0.7451864724573142,0.7245286773381665
16_0nm_00run_1000d.txt,TriMap,2,256,192,0,0,5042,8,401,0.6525345552301831,,6,224,0.5229572208443474,0.555862412456091,0.6315705791083703
16_0nm_00run_1000d.txt,TriMap,2,256,256,0,0,5042,7,256,0.5564271073498632,0.6945949662638322,5,195,0.4393158601470919,0.5048235024311308,0.5548019139016827
16_0nm_00run_1000d.txt,TriMap,3,4,2,0,0,5042,193,682,0.6138606927523819,,441,845,0.0314018620158116,,0.3757961448393586
16_0nm_00run_1000d.txt,TriMap,3,4,3,0,0,5042,49,336,0.6976202584210354,,337,983,0.1524367218357703,,0.4623051373775507
16_0nm_00run_1000d.txt,TriMap,3,4,4,0,0,5042,11,61,0.7376937481928866,0.6523431976027192,262,903,0.1696332939473949,,0.4924836863110086
16_0nm_00run_1000d.txt,TriMap,3,8,4,0,0,5042,10,61,0.7377081519921111,0.6509379783456626,120,394,0.625190778595651,0.3109309542469071,0.5631871382354658
16_0nm_00run_1000d.txt,TriMap,3,8,6,0,0,5042,10,104,0.719525504321289,,122,575,0.5143664641604788,0.2803013696480558,0.5678709650170287
16_0nm_00run_1000d.txt,TriMap,3,8,8,0,0,5042,10,119,0.7223376703448383,,80,423,0.6358956498366302,0.4606982445572358,0.6861610090943262
16_0nm_00run_1000d.txt,TriMap,3,16,8,0,0,5042,10,119,0.7223376703448383,,8,0,0.754569874310951,,0.7032441774538636
16_0nm_00run_1000d.txt,TriMap,3,16,12,0,0,5042,10,118,0.7209655837790256,,8,0,0.7552630606989581,0.73086376933436,0.7890424178717623
16_0nm_00run_1000d.txt,TriMap,3,16,16,0,0,5042,10,138,0.7210662237492887,,9,6,0.7376120607526079,0.6807744585757735,0.7576823377228435
16_0nm_00run_1000d.txt,TriMap,3,32,16,0,0,5042,10,138,0.7210662237492887,,8,3,0.7546964323668303,0.7306786397211453,0.8071740009774148
16_0nm_00run_1000d.txt,TriMap,3,32,24,0,0,5042,10,163,0.7181354593791215,,8,0,0.7552630606989581,0.73086376933436,0.7908711989546138
16_0nm_00run_1000d.txt,TriMap,3,32,32,0,0,5042,9,236,0.71645460334496,0.7944135210064696,8,0,0.7552630606989581,0.73086376933436,0.7635951993017602
16_0nm_00run_1000d.txt,TriMap,3,64,32,0,0,5042,8,170,0.7014743159899914,,9,4,0.7404651507628693,0.6427243594105605,0.6048708704598741
16_0nm_00run_1000d.txt,TriMap,3,64,48,0,0,5042,8,195,0.6982775936114719,,8,2,0.7548844731378579,0.7307403495922168,0.7881929121939384
16_0nm_00run_1000d.txt,TriMap,3,64,64,0,0,5042,8,238,0.7043977311742603,,8,0,0.7552630606989581,0.73086376933436,0.7883895259481375
16_0nm_00run_1000d.txt,TriMap,3,128,64,0,0,5042,8,238,0.7043977311742603,,9,0,0.7602693948928742,0.51361516265522,0.59442467633039
16_0nm_00run_1000d.txt,TriMap,3,128,96,0,0,5042,8,266,0.6873739315842056,,6,0,0.5275027783415892,0.5784772234642885,0.8102688816365781
16_0nm_00run_1000d.txt,TriMap,3,128,128,0,0,5042,8,262,0.6831838457324669,0.7589100636949012,8,89,0.7332879205370665,0.49881926185132,0.4524071387350495
16_0nm_00run_1000d.txt,TriMap,3,256,128,0,0,5042,8,262,0.6831838457324669,0.7589100636949012,7,0,0.639433540532375,0.4482496637510875,0.7915192988724762
16_0nm_00run_1000d.txt,TriMap,3,256,192,0,0,5042,8,401,0.6525345552301831,,7,0,0.639433540532375,0.4482496637510876,0.7520816265881831
16_0nm_00run_1000d.txt,TriMap,3,256,256,0,0,5042,7,256,0.5564271073498632,0.6945949662638322,6,148,0.5231614107320017,0.5660722579825361,0.7700824681942048
16_0nm_00run_1000d.txt,PaCMAP,2,4,2,10,0,5042,193,682,0.6138606927523819,,467,840,0.0279506231241038,,0.3723180100379819
16_0nm_00run_1000d.txt,PaCMAP,2,4,3,10,0,5042,49,336,0.6976202584210354,,356,923,0.2191567142365859,,0.3174583444230248
16_0nm_00run_1000d.txt,PaCMAP,2,4,4,10,0,5042,11,61,0.7376937481928866,0.6523431976027192,247,853,0.334800145193227,,0.3717858827967121
16_0nm_00run_1000d.txt,PaCMAP,2,8,4,10,0,5042,10,61,0.7377081519921111,0.6509379783456626,178,659,0.3704878361646587,,0.3524387084402171
16_0nm_00run_1000d.txt,PaCMAP,2,8,6,10,0,5042,10,104,0.719525504321289,,104,404,0.5779540215516665,0.3614399880714798,0.4980392316773567
16_0nm_00run_1000d.txt,PaCMAP,2,8,8,10,0,5042,10,119,0.7223376703448383,,91,437,0.5843376184270451,,0.6302845589309206
16_0nm_00run_1000d.txt,PaCMAP,2,16,8,10,0,5042,10,119,0.7223376703448383,,40,166,0.6247766427199386,,0.3949565113553482
16_0nm_00run_1000d.txt,PaCMAP,2,16,12,10,0,5042,10,118,0.7209655837790256,,16,49,0.727021783213572,0.474803405655229,0.6864602650156847
16_0nm_00run_1000d.txt,PaCMAP,2,16,16,10,0,5042,10,138,0.7210662237492887,,9,0,0.7750035554036957,0.550324048990886,0.7191564748934636
16_0nm_00run_1000d.txt,PaCMAP,2,32,16,10,0,5042,10,138,0.7210662237492887,,9,0,0.7750035554036957,0.550324048990886,0.7191564748934636
16_0nm_00run_1000d.txt,PaCMAP,2,32,24,10,0,5042,10,163,0.7181354593791215,,9,0,0.7750035554036957,0.550324048990886,0.7191564748934637
16_0nm_00run_1000d.txt,PaCMAP,2,32,32,10,0,5042,9,236,0.71645460334496,0.7944135210064696,9,0,0.7750035554036957,0.550324048990886,0.7191564748934637
16_0nm_00run_1000d.txt,PaCMAP,2,64,32,10,0,5042,8,170,0.7014743159899914,,9,0,0.7750035554036957,0.550324048990886,0.7191564748934637
16_0nm_00run_1000d.txt,PaCMAP,2,64,48,10,0,5042,8,195,0.6982775936114719,,9,0,0.7750035554036957,0.5503240489908859,0.7191564748934638
16_0nm_00run_1000d.txt,PaCMAP,2,64,64,10,0,5042,8,238,0.7043977311742603,,10,0,0.7684427008294269,0.3636187364437032,0.4757998134935416
16_0nm_00run_1000d.txt,PaCMAP,2,128,64,10,0,5042,8,238,0.7043977311742603,,9,0,0.7477664618284506,0.5441584567871772,0.4602697354021092
16_0nm_00run_1000d.txt,PaCMAP,2,128,96,10,0,5042,8,266,0.6873739315842056,,8,0,0.7552630606989581,0.73086376933436,0.7036263968020313
16_0nm_00run_1000d.txt,PaCMAP,2,128,128,10,0,5042,8,262,0.6831838457324669,0.7589100636949012,9,21,0.7477024036012023,0.5734634606934237,0.4861887546446895
16_0nm_00run_1000d.txt,PaCMAP,2,256,128,10,0,5042,8,262,0.6831838457324669,0.7589100636949012,9,21,0.7477024036012023,0.5734634606934237,0.4861887546446895
16_0nm_00run_1000d.txt,PaCMAP,2,256,192,10,0,5042,8,401,0.6525345552301831,,8,85,0.7622364360352702,0.717922490194626,0.6965889637029082
16_0nm_00run_1000d.txt,PaCMAP,2,256,256,10,0,5042,7,256,0.5564271073498632,0.6945949662638322,8,515,0.6885369785877941,0.7280933411993337,0.6482140095441289
16_0nm_00run_1000d.txt,PaCMAP,3,4,2,10,0,5042,193,682,0.6138606927523819,,456,866,0.0288084144903528,,0.3786030398043897
16_0nm_00run_1000d.txt,PaCMAP,3,4,3,10,0,5042,49,336,0.6976202584210354,,351,869,0.1592141374479711,,0.4680454640899328
16_0nm_00run_1000d.txt,PaCMAP,3,4,4,10,0,5042,11,61,0.7376937481928866,0.6523431976027192,253,862,0.3444920524845336,,0.5285725491077052
16_0nm_00run_1000d.txt,PaCMAP,3,8,4,10,0,5042,10,61,0.7377081519921111,0.6509379783456626,172,637,0.3840451771941869,,0.5386015299758758
16_0nm_00run_1000d.txt,PaCMAP,3,8,6,10,0,5042,10,104,0.719525504321289,,100,398,0.5849455922413422,,0.7032833979627985
16_0nm_00run_1000d.txt,PaCMAP,3,8,8,10,0,5042,10,119,0.7223376703448383,,93,465,0.5804763879391228,,0.7037841317763895
16_0nm_00run_1000d.txt,PaCMAP,3,16,8,10,0,5042,10,119,0.7223376703448383,,63,365,0.6009495169044656,,0.6904060806597736
16_0nm_00run_1000d.txt,PaCMAP,3,16,12,10,0,5042,10,118,0.7209655837790256,,46,306,0.6842435064750112,0.4557926684044853,0.7381317873390737
16_0nm_00run_1000d.txt,PaCMAP,3,16,16,10,0,5042,10,138,0.7210662237492887,,27,226,0.7852778441267388,0.6081749837039712,0.7922521893373459
16_0nm_00run_1000d.txt,PaCMAP,3,32,16,10,0,5042,10,138,0.7210662237492887,,8,0,0.7552630606989581,0.73086376933436,0.8640678075517901
16_0nm_00run_1000d.txt,PaCMAP,3,32,24,10,0,5042,10,163,0.7181354593791215,,8,0,0.7552630606989581,0.73086376933436,0.8640678075517901
16_0nm_00run_1000d.txt,PaCMAP,3,32,32,10,0,5042,9,236,0.71645460334496,0.7944135210064696,8,0,0.7552630606989581,0.73086376933436,0.8640678075517901
16_0nm_00run_1000d.txt,PaCMAP,3,64,32,10,0,5042,8,170,0.7014743159899914,,8,0,0.7552630606989581,0.73086376933436,0.8640678075517901
16_0nm_00run_1000d.txt,PaCMAP,3,64,48,10,0,5042,8,195,0.6982775936114719,,9,1,0.7749535329625399,0.5503431168625746,0.7098784385802857
16_0nm_00run_1000d.txt,PaCMAP,3,64,64,10,0,5042,8,238,0.7043977311742603,,8,0,0.7552630606989581,0.7308637693343599,0.86406780755179
16_0nm_00run_1000d.txt,PaCMAP,3,128,64,10,0,5042,8,238,0.7043977311742603,,8,0,0.7552630606989581,0.7308637693343599,0.86406780755179
16_0nm_00run_1000d.txt,PaCMAP,3,128,96,10,0,5042,8,266,0.6873739315842056,,8,0,0.7552630606989581,0.7308637693343601,0.86406780755179
16_0nm_00run_1000d.txt,PaCMAP,3,128,128,10,0,5042,8,262,0.6831838457324669,0.7589100636949012,8,0,0.7552630606989581,0.73086376933436,0.86406780755179
16_0nm_00run_1000d.txt,PaCMAP,3,256,128,10,0,5042,8,262,0.6831838457324669,0.7589100636949012,8,0,0.7552630606989581,0.73086376933436,0.86406780755179
16_0nm_00run_1000d.txt,PaCMAP,3,256,192,10,0,5042,8,401,0.6525345552301831,,8,0,0.7552630606989581,0.7308637693343599,0.86406780755179
16_0nm_00run_1000d.txt,PaCMAP,3,256,256,10,0,5042,7,256,0.5564271073498632,0.6945949662638322,8,159,0.7366640748579019,0.7121017579178579,0.8359699190027696
14_0nm_03run_250d.txt,tSNE,2,4,2,0,0,5422,347,1158,0.3255253920595706,0.3866725792726044,451,624,0.1661877617956263,0.2868418452490227,0.3627656617746485
14_0nm_03run_250d.txt,tSNE,2,4,3,0,0,5422,257,1448,0.3516496496319016,0.4178596286682297,344,760,0.1820271416226553,0.2582517862494535,0.3584366382860038
14_0nm_03run_250d.txt,tSNE,2,4,4,0,0,5422,100,1036,0.5698495721487516,0.4424741101628593,219,651,0.3298536322742067,0.1595741250180489,0.3278354406737374
14_0nm_03run_250d.txt,tSNE,2,8,4,0,0,5422,14,119,0.5483740828376902,0.5354048927029063,133,409,0.4183006720004282,0.0447728639385886,0.2364389495730461
14_0nm_03run_250d.txt,tSNE,2,8,6,0,0,5422,12,113,0.551094971564888,0.5007038114047031,79,346,0.4716912536767813,0.2553507978875926,0.3562584640343754
14_0nm_03run_250d.txt,tSNE,2,8,8,0,0,5422,12,151,0.5486336381799821,0.5047087253156488,41,211,0.5607609116512667,0.1919400116962246,0.2833153150513378
14_0nm_03run_250d.txt,tSNE,2,16,8,0,0,5422,10,172,0.5487761749825659,0.5032228186463809,29,140,0.5658910794754316,0.1555713621895074,0.2759908577580326
14_0nm_03run_250d.txt,tSNE,2,16,12,0,0,5422,10,214,0.5464704262376864,0.5882245499055226,9,3,0.5831038193672211,0.3271201992610781,0.2846205675633536
14_0nm_03run_250d.txt,tSNE,2,16,16,0,0,5422,10,227,0.545158936947311,0.6107408286202928,6,0,0.480841793059764,0.3831169710815285,0.3676288266757428
14_0nm_03run_250d.txt,tSNE,2,32,16,0,0,5422,8,71,0.5444481253281548,0.6375980048634412,8,9,0.5840744015338695,0.328925810252733,0.3281704811725522
14_0nm_03run_250d.txt,tSNE,2,32,24,0,0,5422,8,86,0.5440506202307922,0.655569499718719,6,0,0.480841793059764,0.3831169710815286,0.3676288266757428
14_0nm_03run_250d.txt,tSNE,2,32,32,0,0,5422,10,400,0.6668905784853174,0.6629728212925392,7,2,0.5952589777544927,0.186144849239305,0.320579107206264
14_0nm_03run_250d.txt,tSNE,2,64,32,0,0,5422,7,54,0.5486055118171114,0.6215689427155413,7,2,0.5952589777544927,0.186144849239305,0.320579107206264
14_0nm_03run_250d.txt,tSNE,2,64,48,0,0,5422,10,517,0.6685934395114075,0.6558310409646985,6,0,0.480841793059764,0.3831169710815286,0.3676288266757428
14_0nm_03run_250d.txt,tSNE,2,64,64,0,0,5422,10,536,0.6636777633626826,0.6604576541530233,6,0,0.480841793059764,0.3831169710815285,0.3676288266757428
14_0nm_03run_250d.txt,tSNE,2,128,64,0,0,5422,9,601,0.6647941686079395,0.6623888375432248,6,0,0.480841793059764,0.3831169710815285,0.3676288266757428
14_0nm_03run_250d.txt,tSNE,2,128,96,0,0,5422,9,729,0.6267784158619382,0.6623094386828953,8,329,0.5728630104927162,0.2217402641107123,0.1415295831660335
14_0nm_03run_250d.txt,tSNE,2,128,128,0,0,5422,9,799,0.597852315958519,0.6086301216676859,5,369,0.1985106415736316,-0.4019666657320302,-0.2395307220516851
14_0nm_03run_250d.txt,tSNE,2,256,128,0,0,5422,8,595,0.6186768540838696,0.6227262999832278,5,369,0.1985106415736316,-0.4019666657320302,-0.2395307220516851
14_0nm_03run_250d.txt,tSNE,2,256,192,0,0,5422,8,802,0.5685719252105481,0.6143464208342467,4,861,0.157911739368947,-0.0179888514749486,0.1922313458925793
14_0nm_03run_250d.txt,tSNE,2,256,256,0,0,5422,7,825,0.5328591876306198,0.5290694392136689,2,523,0.0258954315534334,0.1212815625708171,0.2531666704177884
14_0nm_03run_250d.txt,tSNE,3,4,2,0,0,5422,347,1158,0.3255253920595706,0.3866725792726044,486,727,0.1553275282638684,0.3217784712380426,0.389508400304089
14_0nm_03run_250d.txt,tSNE,3,4,3,0,0,5422,257,1448,0.3516496496319016,0.4178596286682297,365,865,0.2280745643977986,0.2550901004716638,0.328230500039299
14_0nm_03run_250d.txt,tSNE,3,4,4,0,0,5422,100,1036,0.5698495721487516,0.4424741101628593,75,285,0.399664515687724,0.2030992025387805,0.3272898987908614
14_0nm_03run_250d.txt,tSNE,3,8,4,0,0,5422,14,119,0.5483740828376902,0.5354048927029063,7,0,0.4594950768332157,0.2588883262846194,0.3675897335639244
14_0nm_03run_250d.txt,tSNE,3,8,6,0,0,5422,12,113,0.551094971564888,0.5007038114047031,6,0,0.4803588744965821,0.3545150803449058,0.4607766396689308
14_0nm_03run_250d.txt,tSNE,3,8,8,0,0,5422,12,151,0.5486336381799821,0.5047087253156488,6,0,0.4803588744965821,0.3545150803449058,0.4607766396689308
14_0nm_03run_250d.txt,tSNE,3,16,8,0,0,5422,10,172,0.5487761749825659,0.5032228186463809,6,0,0.4803588744965821,0.3545150803449058,0.4607766396689308
14_0nm_03run_250d.txt,tSNE,3,16,12,0,0,5422,10,214,0.5464704262376864,0.5882245499055226,6,0,0.4803588744965821,0.3545150803449058,0.4607766396689308
14_0nm_03run_250d.txt,tSNE,3,16,16,0,0,5422,10,227,0.545158936947311,0.6107408286202928,6,0,0.4803588744965821,0.3545150803449058,0.4607766396689308
14_0nm_03run_250d.txt,tSNE,3,32,16,0,0,5422,8,71,0.5444481253281548,0.6375980048634412,6,0,0.4803588744965821,0.3545150803449058,0.4607766396689308
14_0nm_03run_250d.txt,tSNE,3,32,24,0,0,5422,8,86,0.5440506202307922,0.655569499718719,6,0,0.4803588744965821,0.3545150803449058,0.4607766396689308
14_0nm_03run_250d.txt,tSNE,3,32,32,0,0,5422,10,400,0.6668905784853174,0.6629728212925392,6,0,0.4803588744965821,0.3545150803449058,0.4607766396689308
14_0nm_03run_250d.txt,tSNE,3,64,32,0,0,5422,7,54,0.5486055118171114,0.6215689427155413,6,0,0.4803588744965821,0.3545150803449058,0.4607766396689308
14_0nm_03run_250d.txt,tSNE,3,64,48,0,0,5422,10,517,0.6685934395114075,0.6558310409646985,6,0,0.4803588744965821,0.3545150803449058,0.4607766396689308
14_0nm_03run_250d.txt,tSNE,3,64,64,0,0,5422,10,536,0.6636777633626826,0.6604576541530233,7,137,0.4758058199430001,0.2862191905443812,0.4008700044811389
14_0nm_03run_250d.txt,tSNE,3,128,64,0,0,5422,9,601,0.6647941686079395,0.6623888375432248,6,52,0.4761908155332975,0.3797832637933522,0.4580185378962373
14_0nm_03run_250d.txt,tSNE,3,128,96,0,0,5422,9,729,0.6267784158619382,0.6623094386828953,7,412,0.4982130280886031,0.3162317458792557,0.2305335318199736
14_0nm_03run_250d.txt,tSNE,3,128,128,0,0,5422,9,799,0.597852315958519,0.6086301216676859,6,1096,0.3594247970718285,0.4550542410272998,0.3507575910677881
14_0nm_03run_250d.txt,tSNE,3,256,128,0,0,5422,8,595,0.6186768540838696,0.6227262999832278,5,857,0.3225870774403613,-0.026599450156923,0.2918632295286155
14_0nm_03run_250d.txt,tSNE,3,256,192,0,0,5422,8,802,0.5685719252105481,0.6143464208342467,2,2566,0.1069320623579419,-0.0912289116574925,0.0321501195076656
14_0nm_03run_250d.txt,tSNE,3,256,256,0,0,5422,7,825,0.5328591876306198,0.5290694392136689,2,4368,0.0311854667190611,0.1070413067220783,0.0787803107978443
14_0nm_03run_250d.txt,UMAP,2,4,2,0,0,5422,347,1158,0.3255253920595706,0.3866725792726044,541,614,0.0289077465481735,0.1118279415630373,0.4785009538965672
14_0nm_03run_250d.txt,UMAP,2,4,3,0,0,5422,257,1448,0.3516496496319016,0.4178596286682297,459,740,0.0339437976515951,0.1161265128774405,0.5041857243102751
14_0nm_03run_250d.txt,UMAP,2,4,4,0,0,5422,100,1036,0.5698495721487516,0.4424741101628593,381,831,0.0367684853580935,0.1181313486273145,0.5168163935591917
14_0nm_03run_250d.txt,UMAP,2,8,4,0,0,5422,14,119,0.5483740828376902,0.5354048927029063,257,545,0.0672371420386582,0.0413668017776645,0.4681948706126679
14_0nm_03run_250d.txt,UMAP,2,8,6,0,0,5422,12,113,0.551094971564888,0.5007038114047031,241,793,0.0592386136236195,0.0646870606774478,0.5062722429491281
14_0nm_03run_250d.txt,UMAP,2,8,8,0,0,5422,12,151,0.5486336381799821,0.5047087253156488,212,875,0.1149079184280528,0.1014652773565441,0.5180871378988178
14_0nm_03run_250d.txt,UMAP,2,16,8,0,0,5422,10,172,0.5487761749825659,0.5032228186463809,58,201,0.4568172900030952,0.0261765743774071,0.5739536174998239
14_0nm_03run_250d.txt,UMAP,2,16,12,0,0,5422,10,214,0.5464704262376864,0.5882245499055226,31,127,0.4336015776779785,-0.0524823477276484,0.6273776932417722
14_0nm_03run_250d.txt,UMAP,2,16,16,0,0,5422,10,227,0.545158936947311,0.6107408286202928,13,22,0.4828739234689902,-0.1696884413755084,0.6571384038089804
14_0nm_03run_250d.txt,UMAP,2,32,16,0,0,5422,8,71,0.5444481253281548,0.6375980048634412,10,0,0.4858926032595287,-0.1804067739306885,0.6575597119603969
14_0nm_03run_250d.txt,UMAP,2,32,24,0,0,5422,8,86,0.5440506202307922,0.655569499718719,10,0,0.4858926032595287,-0.1804067739306885,0.6575597119603969
14_0nm_03run_250d.txt,UMAP,2,32,32,0,0,5422,10,400,0.6668905784853174,0.6629728212925392,9,0,0.5077675981119054,-0.0764367723361434,0.6758097689204284
14_0nm_03run_250d.txt,UMAP,2,64,32,0,0,5422,7,54,0.5486055118171114,0.6215689427155413,9,0,0.5077675981119054,-0.0764367723361434,0.6758097689204284
14_0nm_03run_250d.txt,UMAP,2,64,48,0,0,5422,10,517,0.6685934395114075,0.6558310409646985,9,0,0.5077675981119054,-0.0764367723361434,0.6758097689204284
14_0nm_03run_250d.txt,UMAP,2,64,64,0,0,5422,10,536,0.6636777633626826,0.6604576541530233,8,0,0.526587716387723,0.0059277933972463,0.7059104651083747
14_0nm_03run_250d.txt,UMAP,2,128,64,0,0,5422,9,601,0.6647941686079395,0.6623888375432248,8,0,0.526587716387723,0.0059277933972463,0.7059104651083747
14_0nm_03run_250d.txt,UMAP,2,128,96,0,0,5422,9,729,0.6267784158619382,0.6623094386828953,8,0,0.526587716387723,0.0059277933972463,0.7059104651083746
14_0nm_03run_250d.txt,UMAP,2,128,128,0,0,5422,9,799,0.597852315958519,0.6086301216676859,7,0,0.5201543995335333,0.1691447885915009,0.655570491011404
14_0nm_03run_250d.txt,UMAP,2,256,128,0,0,5422,8,595,0.6186768540838696,0.6227262999832278,7,0,0.5201543995335333,0.1691447885915009,0.655570491011404
14_0nm_03run_250d.txt,UMAP,2,256,192,0,0,5422,8,802,0.5685719252105481,0.6143464208342467,6,78,0.4698588076746895,0.5737170948389947,0.5537712424999368
14_0nm_03run_250d.txt,UMAP,2,256,256,0,0,5422,7,825,0.5328591876306198,0.5290694392136689,6,298,0.4500945912854267,0.5562154759144581,0.5256131580902769
14_0nm_03run_250d.txt,UMAP,3,4,2,0,0,5422,347,1158,0.3255253920595706,0.3866725792726044,520,573,0.0323447770472731,0.1159846139259643,0.483216690927884
14_0nm_03run_250d.txt,UMAP,3,4,3,0,0,5422,257,1448,0.3516496496319016,0.4178596286682297,459,793,0.0313706181614936,0.1202278881965395,0.5044196540542341
14_0nm_03run_250d.txt,UMAP,3,4,4,0,0,5422,100,1036,0.5698495721487516,0.4424741101628593,368,837,0.0363029296655827,0.1146489618035864,0.524859714397535
14_0nm_03run_250d.txt,UMAP,3,8,4,0,0,5422,14,119,0.5483740828376902,0.5354048927029063,265,634,0.0644473066988335,0.0560632747864962,0.5060270236634304
14_0nm_03run_250d.txt,UMAP,3,8,6,0,0,5422,12,113,0.551094971564888,0.5007038114047031,228,733,0.1224577334064251,0.0782546497895557,0.5212922721160534
14_0nm_03run_250d.txt,UMAP,3,8,8,0,0,5422,12,151,0.5486336381799821,0.5047087253156488,211,874,0.1148857142181814,0.1218220163988521,0.538087809021201
14_0nm_03run_250d.txt,UMAP,3,16,8,0,0,5422,10,172,0.5487761749825659,0.5032228186463809,34,88,0.3987123271346287,0.362944009738914,0.6952360560820895
14_0nm_03run_250d.txt,UMAP,3,16,12,0,0,5422,10,214,0.5464704262376864,0.5882245499055226,34,117,0.3982394605745598,0.3762760894637852,0.7033824471229451
14_0nm_03run_250d.txt,UMAP,3,16,16,0,0,5422,10,227,0.545158936947311,0.6107408286202928,16,64,0.4359322212888789,0.5222087366614498,0.7630339250473097
14_0nm_03run_250d.txt,UMAP,3,32,16,0,0,5422,8,71,0.5444481253281548,0.6375980048634412,9,34,0.4438979938410712,0.5029509756414878,0.7658869045422209
14_0nm_03run_250d.txt,UMAP,3,32,24,0,0,5422,8,86,0.5440506202307922,0.655569499718719,6,0,0.480599993593684,0.560824879076927,0.7929189457952642
14_0nm_03run_250d.txt,UMAP,3,32,32,0,0,5422,10,400,0.6668905784853174,0.6629728212925392,8,0,0.5093127225045988,0.037230884067682,0.1683681737265986
14_0nm_03run_250d.txt,UMAP,3,64,32,0,0,5422,7,54,0.5486055118171114,0.6215689427155413,8,0,0.5093127225045988,0.037230884067682,0.1683681737265986
14_0nm_03run_250d.txt,UMAP,3,64,48,0,0,5422,10,517,0.6685934395114075,0.6558310409646985,7,0,0.5017883269082779,0.1984279926321423,0.402015316826271
14_0nm_03run_250d.txt,UMAP,3,64,64,0,0,5422,10,536,0.6636777633626826,0.6604576541530233,6,0,0.480599993593684,0.560824879076927,0.7929189457952642
14_0nm_03run_250d.txt,UMAP,3,128,64,0,0,5422,9,601,0.6647941686079395,0.6623888375432248,6,0,0.480599993593684,0.560824879076927,0.7929189457952642
14_0nm_03run_250d.txt,UMAP,3,128,96,0,0,5422,9,729,0.6267784158619382,0.6623094386828953,6,0,0.480599993593684,0.560824879076927,0.7929189457952642
14_0nm_03run_250d.txt,UMAP,3,128,128,0,0,5422,9,799,0.597852315958519,0.6086301216676859,6,0,0.480599993593684,0.560824879076927,0.7929189457952642
14_0nm_03run_250d.txt,UMAP,3,256,128,0,0,5422,8,595,0.6186768540838696,0.6227262999832278,6,0,0.480599993593684,0.560824879076927,0.7929189457952642
14_0nm_03run_250d.txt,UMAP,3,256,192,0,0,5422,8,802,0.5685719252105481,0.6143464208342467,6,137,0.4760617171734277,0.5485764789740323,0.783223809920869
14_0nm_03run_250d.txt,UMAP,3,256,256,0,0,5422,7,825,0.5328591876306198,0.5290694392136689,7,728,0.4542483197565226,0.6161904677376744,0.703836743155977
14_0nm_03run_250d.txt,TriMap,2,4,2,0,0,5422,347,1158,0.3255253920595706,0.3866725792726044,490,864,0.02800968774521,0.0624657815042926,0.4000660907662829
14_0nm_03run_250d.txt,TriMap,2,4,3,0,0,5422,257,1448,0.3516496496319016,0.4178596286682297,411,1018,0.0314527061704608,0.0764024385359668,0.4134094032730795
14_0nm_03run_250d.txt,TriMap,2,4,4,0,0,5422,100,1036,0.5698495721487516,0.4424741101628593,344,1227,0.0306552642240222,0.1294534722251944,0.4476325303209722
14_0nm_03run_250d.txt,TriMap,2,8,4,0,0,5422,14,119,0.5483740828376902,0.5354048927029063,230,875,0.0729283434375289,0.0526081984800165,0.3721992154227521
14_0nm_03run_250d.txt,TriMap,2,8,6,0,0,5422,12,113,0.551094971564888,0.5007038114047031,194,1037,0.1665089879406645,0.1680167681008119,0.4481538502552709
14_0nm_03run_250d.txt,TriMap,2,8,8,0,0,5422,12,151,0.5486336381799821,0.5047087253156488,182,1192,0.1530508637600502,0.2241893984753611,0.4607162865492826
14_0nm_03run_250d.txt,TriMap,2,16,8,0,0,5422,10,172,0.5487761749825659,0.5032228186463809,57,380,0.3712577607582586,0.3220533434527662,0.1535517354440697
14_0nm_03run_250d.txt,TriMap,2,16,12,0,0,5422,10,214,0.5464704262376864,0.5882245499055226,31,419,0.4635595848009116,0.446481381144247,0.1963014178136332
14_0nm_03run_250d.txt,TriMap,2,16,16,0,0,5422,10,227,0.545158936947311,0.6107408286202928,9,71,0.2286697801374208,0.3066431731724331,0.3936186873582851
14_0nm_03run_250d.txt,TriMap,2,32,16,0,0,5422,8,71,0.5444481253281548,0.6375980048634412,11,87,0.4988778946422575,0.2492990503415068,0.1951431937560649
14_0nm_03run_250d.txt,TriMap,2,32,24,0,0,5422,8,86,0.5440506202307922,0.655569499718719,9,25,0.6948931804450185,0.0200200420082376,0.0056739050431103
14_0nm_03run_250d.txt,TriMap,2,32,32,0,0,5422,10,400,0.6668905784853174,0.6629728212925392,6,2,0.3245033380936724,0.0107369766403508,-0.2090707963674863
14_0nm_03run_250d.txt,TriMap,2,64,32,0,0,5422,7,54,0.5486055118171114,0.6215689427155413,8,60,0.5331898316625737,0.5685743715997214,0.2533095403834
14_0nm_03run_250d.txt,TriMap,2,64,48,0,0,5422,10,517,0.6685934395114075,0.6558310409646985,8,63,0.298034950681105,0.3157098484476347,0.3238686550846792
14_0nm_03run_250d.txt,TriMap,2,64,64,0,0,5422,10,536,0.6636777633626826,0.6604576541530233,8,121,0.7021130373268312,0.2476699008042347,0.123617776190692
14_0nm_03run_250d.txt,TriMap,2,128,64,0,0,5422,9,601,0.6647941686079395,0.6623888375432248,7,150,0.6355963146115761,0.0263210196466212,0.1660527866181808
14_0nm_03run_250d.txt,TriMap,2,128,96,0,0,5422,9,729,0.6267784158619382,0.6623094386828953,5,9,0.3010110520670794,-0.2709161289623565,-0.2022187002229379
14_0nm_03run_250d.txt,TriMap,2,128,128,0,0,5422,9,799,0.597852315958519,0.6086301216676859,6,244,0.4408012938548537,-0.2189892830356907,0.0722005388167131
14_0nm_03run_250d.txt,TriMap,2,256,128,0,0,5422,8,595,0.6186768540838696,0.6227262999832278,5,129,0.362513584007883,-0.37048865952366,-0.1320802792577806
14_0nm_03run_250d.txt,TriMap,2,256,192,0,0,5422,8,802,0.5685719252105481,0.6143464208342467,5,618,0.4456992873072231,-0.2666393218680745,0.0402015676388216
14_0nm_03run_250d.txt,TriMap,2,256,256,0,0,5422,7,825,0.5328591876306198,0.5290694392136689,6,975,0.4176143664023945,0.1931630586537812,0.2502710656403152
14_0nm_03run_250d.txt,TriMap,3,4,2,0,0,5422,347,1158,0.3255253920595706,0.3866725792726044,490,900,0.0278289845104788,0.0934262834571045,0.416007396205819
14_0nm_03run_250d.txt,TriMap,3,4,3,0,0,5422,257,1448,0.3516496496319016,0.4178596286682297,415,1124,0.028827062398908,0.1142968593501199,0.4414958271920416
14_0nm_03run_250d.txt,TriMap,3,4,4,0,0,5422,100,1036,0.5698495721487516,0.4424741101628593,317,1060,0.0390289436462097,0.103860458534978,0.4515032536872846
14_0nm_03run_250d.txt,TriMap,3,8,4,0,0,5422,14,119,0.5483740828376902,0.5354048927029063,216,871,0.1541885291600596,0.0302909555752735,0.3935166519451047
14_0nm_03run_250d.txt,TriMap,3,8,6,0,0,5422,12,113,0.551094971564888,0.5007038114047031,184,995,0.1761699435395386,0.1635859901390339,0.4763033869064441
14_0nm_03run_250d.txt,TriMap,3,8,8,0,0,5422,12,151,0.5486336381799821,0.5047087253156488,159,1083,0.1797589001449726,0.2027779105329712,0.4687740071249977
14_0nm_03run_250d.txt,TriMap,3,16,8,0,0,5422,10,172,0.5487761749825659,0.5032228186463809,60,468,0.3577912686347605,0.3420885058925595,0.3097986279934965
14_0nm_03run_250d.txt,TriMap,3,16,12,0,0,5422,10,214,0.5464704262376864,0.5882245499055226,9,10,0.4839324185336687,0.4311693764138598,0.3940431373158578
14_0nm_03run_250d.txt,TriMap,3,16,16,0,0,5422,10,227,0.545158936947311,0.6107408286202928,11,72,0.4771863426326672,0.5126508168210786,0.4018981121565403
14_0nm_03run_250d.txt,TriMap,3,32,16,0,0,5422,8,71,0.5444481253281548,0.6375980048634412,9,13,0.4521127880732644,0.3439256881041114,0.3203048266187938
14_0nm_03run_250d.txt,TriMap,3,32,24,0,0,5422,8,86,0.5440506202307922,0.655569499718719,9,121,0.6141146374906137,0.1074224312580414,0.2953230798277723
14_0nm_03run_250d.txt,TriMap,3,32,32,0,0,5422,10,400,0.6668905784853174,0.6629728212925392,12,187,0.6539520876959034,0.117304216414425,0.1695355967768089
14_0nm_03run_250d.txt,TriMap,3,64,32,0,0,5422,7,54,0.5486055118171114,0.6215689427155413,9,38,0.5260860641487106,0.3350077653212163,0.3910094503824929
14_0nm_03run_250d.txt,TriMap,3,64,48,0,0,5422,10,517,0.6685934395114075,0.6558310409646985,8,85,0.5321183122070743,0.6078957306067333,0.5644302079849425
14_0nm_03run_250d.txt,TriMap,3,64,64,0,0,5422,10,536,0.6636777633626826,0.6604576541530233,8,132,0.5272173554802713,0.6267047756901803,0.4611399799060479
14_0nm_03run_250d.txt,TriMap,3,128,64,0,0,5422,9,601,0.6647941686079395,0.6623888375432248,7,16,0.5488809675736793,0.4546197552269512,0.5011990551568469
14_0nm_03run_250d.txt,TriMap,3,128,96,0,0,5422,9,729,0.6267784158619382,0.6623094386828953,8,185,0.68927759865431,0.1456108491149786,0.2329972285000039
14_0nm_03run_250d.txt,TriMap,3,128,128,0,0,5422,9,799,0.597852315958519,0.6086301216676859,8,392,0.6602999204598,0.6306473597315716,0.5963974969349917
14_0nm_03run_250d.txt,TriMap,3,256,128,0,0,5422,8,595,0.6186768540838696,0.6227262999832278,8,583,0.6334195902971307,0.6498098141492592,0.6100567730971811
14_0nm_03run_250d.txt,TriMap,3,256,192,0,0,5422,8,802,0.5685719252105481,0.6143464208342467,6,246,0.4430077432184328,-0.22005873411197,-0.0125812985809742
14_0nm_03run_250d.txt,TriMap,3,256,256,0,0,5422,7,825,0.5328591876306198,0.5290694392136689,4,256,0.2173524635511287,0.2522282051278656,0.63659675628669
14_0nm_03run_250d.txt,PaCMAP,2,4,2,10,0,5422,347,1158,0.3255253920595706,0.3866725792726044,485,838,0.0305659527833566,0.0806917838248016,0.432856561460195
14_0nm_03run_250d.txt,PaCMAP,2,4,3,10,0,5422,257,1448,0.3516496496319016,0.4178596286682297,413,994,0.0344590832426412,0.107485698888572,0.4676362628076893
14_0nm_03run_250d.txt,PaCMAP,2,4,4,10,0,5422,100,1036,0.5698495721487516,0.4424741101628593,350,1129,0.0349100294703385,0.1151491064781074,0.4714422287747737
14_0nm_03run_250d.txt,PaCMAP,2,8,4,10,0,5422,14,119,0.5483740828376902,0.5354048927029063,240,890,0.0620590048548139,0.0447231944555378,0.4263135476952972
14_0nm_03run_250d.txt,PaCMAP,2,8,6,10,0,5422,12,113,0.551094971564888,0.5007038114047031,219,1092,0.0595504055956017,0.1236782505821454,0.4440018557322335
14_0nm_03run_250d.txt,PaCMAP,2,8,8,10,0,5422,12,151,0.5486336381799821,0.5047087253156488,159,993,0.2533345190192321,-0.0300434659885978,0.2496414812396913
14_0nm_03run_250d.txt,PaCMAP,2,16,8,10,0,5422,10,172,0.5487761749825659,0.5032228186463809,22,71,0.5037035975535467,0.0443761472217224,0.059651812661194
14_0nm_03run_250d.txt,PaCMAP,2,16,12,10,0,5422,10,214,0.5464704262376864,0.5882245499055226,6,1,0.4809213127065026,0.4962056431237946,0.3879842114296276
14_0nm_03run_250d.txt,PaCMAP,2,16,16,10,0,5422,10,227,0.545158936947311,0.6107408286202928,6,8,0.4808882088233422,0.4957922371264317,0.382771924450773
14_0nm_03run_250d.txt,PaCMAP,2,32,16,10,0,5422,8,71,0.5444481253281548,0.6375980048634412,6,8,0.4808882088233422,0.4957922371264317,0.382771924450773
14_0nm_03run_250d.txt,PaCMAP,2,32,24,10,0,5422,8,86,0.5440506202307922,0.655569499718719,5,0,0.3309220944324707,0.455927285968475,0.5347674772263106
14_0nm_03run_250d.txt,PaCMAP,2,32,32,10,0,5422,10,400,0.6668905784853174,0.6629728212925392,5,0,0.3309220944324707,0.455927285968475,0.5347674772263106
14_0nm_03run_250d.txt,PaCMAP,2,64,32,10,0,5422,7,54,0.5486055118171114,0.6215689427155413,5,0,0.3309220944324707,0.455927285968475,0.5347674772263106
14_0nm_03run_250d.txt,PaCMAP,2,64,48,10,0,5422,10,517,0.6685934395114075,0.6558310409646985,5,0,0.3309220944324707,0.455927285968475,0.5347674772263106
14_0nm_03run_250d.txt,PaCMAP,2,64,64,10,0,5422,10,536,0.6636777633626826,0.6604576541530233,5,0,0.3309220944324707,0.455927285968475,0.5347674772263106
14_0nm_03run_250d.txt,PaCMAP,2,128,64,10,0,5422,9,601,0.6647941686079395,0.6623888375432248,5,0,0.3309220944324707,0.455927285968475,0.5347674772263106
14_0nm_03run_250d.txt,PaCMAP,2,128,96,10,0,5422,9,729,0.6267784158619382,0.6623094386828953,6,141,0.3558663386630682,0.4694708939569499,0.5214977381043499
14_0nm_03run_250d.txt,PaCMAP,2,128,128,10,0,5422,9,799,0.597852315958519,0.6086301216676859,6,166,0.3529565517594431,0.5175957742052452,0.5774666637383921
14_0nm_03run_250d.txt,PaCMAP,2,256,128,10,0,5422,8,595,0.6186768540838696,0.6227262999832278,6,166,0.3529565517594431,0.5175957742052452,0.5774666637383921
14_0nm_03run_250d.txt,PaCMAP,2,256,192,10,0,5422,8,802,0.5685719252105481,0.6143464208342467,6,318,0.3357577447175904,0.4820857217381368,0.5319553185597108
14_0nm_03run_250d.txt,PaCMAP,2,256,256,10,0,5422,7,825,0.5328591876306198,0.5290694392136689,5,647,0.290538462623184,0.3339912093307663,0.3897612425878923
14_0nm_03run_250d.txt,PaCMAP,3,4,2,10,0,5422,347,1158,0.3255253920595706,0.3866725792726044,500,852,0.0289690202989706,0.0839184380863801,0.4426193034071156
14_0nm_03run_250d.txt,PaCMAP,3,4,3,10,0,5422,257,1448,0.3516496496319016,0.4178596286682297,423,1031,0.0312386076657393,0.1156800018125478,0.4882172989675707
14_0nm_03run_250d.txt,PaCMAP,3,4,4,10,0,5422,100,1036,0.5698495721487516,0.4424741101628593,359,1181,0.030724472299107,0.147156334608124,0.476644080802086
14_0nm_03run_250d.txt,PaCMAP,3,8,4,10,0,5422,14,119,0.5483740828376902,0.5354048927029063,237,837,0.0681016971544149,0.0714686547268632,0.4452604917864775
14_0nm_03run_250d.txt,PaCMAP,3,8,6,10,0,5422,12,113,0.551094971564888,0.5007038114047031,222,1056,0.0590510371773204,0.1172225475986557,0.4623223577471949
14_0nm_03run_250d.txt,PaCMAP,3,8,8,10,0,5422,12,151,0.5486336381799821,0.5047087253156488,197,1285,0.0590354446588247,0.1387781506891468,0.4615238638509934
14_0nm_03run_250d.txt,PaCMAP,3,16,8,10,0,5422,10,172,0.5487761749825659,0.5032228186463809,36,117,0.3926166990971674,0.2244768790637178,0.4253900512106226
14_0nm_03run_250d.txt,PaCMAP,3,16,12,10,0,5422,10,214,0.5464704262376864,0.5882245499055226,6,4,0.4807818267477866,0.4960012650690936,0.5303869813327067
14_0nm_03run_250d.txt,PaCMAP,3,16,16,10,0,5422,10,227,0.545158936947311,0.6107408286202928,6,8,0.4808882088233422,0.4957922371264316,0.5306330596549022
14_0nm_03run_250d.txt,PaCMAP,3,32,16,10,0,5422,8,71,0.5444481253281548,0.6375980048634412,6,8,0.4808882088233422,0.4957922371264316,0.5306330596549022
14_0nm_03run_250d.txt,PaCMAP,3,32,24,10,0,5422,8,86,0.5440506202307922,0.655569499718719,5,0,0.3309220944324707,0.4559272859684749,0.79956569283392
14_0nm_03run_250d.txt,PaCMAP,3,32,32,10,0,5422,10,400,0.6668905784853174,0.6629728212925392,5,0,0.3309220944324707,0.455927285968475,0.79956569283392
14_0nm_03run_250d.txt,PaCMAP,3,64,32,10,0,5422,7,54,0.5486055118171114,0.6215689427155413,5,0,0.3309220944324707,0.455927285968475,0.79956569283392
14_0nm_03run_250d.txt,PaCMAP,3,64,48,10,0,5422,10,517,0.6685934395114075,0.6558310409646985,6,0,0.3659805820705142,0.1403817280517693,0.3717738548424029
14_0nm_03run_250d.txt,PaCMAP,3,64,64,10,0,5422,10,536,0.6636777633626826,0.6604576541530233,5,0,0.3309220944324707,0.455927285968475,0.7995656928339199
14_0nm_03run_250d.txt,PaCMAP,3,128,64,10,0,5422,9,601,0.6647941686079395,0.6623888375432248,5,0,0.3309220944324707,0.455927285968475,0.7995656928339199
14_0nm_03run_250d.txt,PaCMAP,3,128,96,10,0,5422,9,729,0.6267784158619382,0.6623094386828953,6,0,0.3102761412179515,0.331585797719559,0.721623770597394
14_0nm_03run_250d.txt,PaCMAP,3,128,128,10,0,5422,9,799,0.597852315958519,0.6086301216676859,5,0,0.3309220944324707,0.455927285968475,0.7995656928339199
14_0nm_03run_250d.txt,PaCMAP,3,256,128,10,0,5422,8,595,0.6186768540838696,0.6227262999832278,5,0,0.3309220944324707,0.455927285968475,0.7995656928339199
14_0nm_03run_250d.txt,PaCMAP,3,256,192,10,0,5422,8,802,0.5685719252105481,0.6143464208342467,6,48,0.363938487389443,0.1287259721247991,0.4421046162486651
14_0nm_03run_250d.txt,PaCMAP,3,256,256,10,0,5422,7,825,0.5328591876306198,0.5290694392136689,5,177,0.3084193907549777,0.4341152438049127,0.7717213097416113
12_0nm_01run_250d.txt,tSNE,2,4,2,0,0,6660,453,1644,0.1917761154175128,0.3857504858976268,593,914,0.0341958627016109,0.2323983631142784,0.3555199869357128
12_0nm_01run_250d.txt,tSNE,2,4,3,0,0,6660,137,825,0.6239516383078036,0.5323303696275903,476,1035,0.0565411274685614,0.2295825116093036,0.4088921595003134
12_0nm_01run_250d.txt,tSNE,2,4,4,0,0,6660,57,515,0.6822335837442972,0.5703088917606968,205,625,0.478446065405216,0.0025560200505319,0.3336214685678177
12_0nm_01run_250d.txt,tSNE,2,8,4,0,0,6660,47,730,0.6833835897926734,0.5354165363151945,87,273,0.5984772452397595,-0.1714656105907939,0.3255815087807305
12_0nm_01run_250d.txt,tSNE,2,8,6,0,0,6660,40,841,0.6395611737033653,0.4626410743365401,39,86,0.7318806739971222,-0.0685850904083974,0.4474865310566515
12_0nm_01run_250d.txt,tSNE,2,8,8,0,0,6660,31,813,0.6676512879881037,0.4643941592949895,23,16,0.7797373038986984,-0.078653267048641,0.4557341459644478
12_0nm_01run_250d.txt,tSNE,2,16,8,0,0,6660,26,931,0.632578430552267,0.4566837563531289,17,0,0.7989308814402097,-0.0752681874679607,0.4921321599680271
12_0nm_01run_250d.txt,tSNE,2,16,12,0,0,6660,24,984,0.6292082279061162,0.539424524867842,17,0,0.7989308814402097,-0.0752681874679607,0.4921321599680271
12_0nm_01run_250d.txt,tSNE,2,16,16,0,0,6660,23,1069,0.6179444034467313,0.5364532540262151,17,0,0.7989308814402097,-0.0752681874679607,0.4921321599680271
12_0nm_01run_250d.txt,tSNE,2,32,16,0,0,6660,19,987,0.6341020089630836,0.5259955694869204,17,0,0.7989308814402097,-0.0752681874679607,0.4921321599680271
12_0nm_01run_250d.txt,tSNE,2,32,24,0,0,6660,16,735,0.6545106814214043,0.5656420387988433,18,0,0.7847456105941385,-0.1638500289093493,0.4533789269883422
12_0nm_01run_250d.txt,tSNE,2,32,32,0,0,6660,14,825,0.6550663195728941,0.5793438041123826,16,24,0.7977887481766894,-0.1621561552442035,0.5002257183128704
12_0nm_01run_250d.txt,tSNE,2,64,32,0,0,6660,12,715,0.6900000684351422,0.5769138235812156,15,21,0.7925892063659721,-0.1667207858077621,0.4935852325405421
12_0nm_01run_250d.txt,tSNE,2,64,48,0,0,6660,13,949,0.6701037181502307,0.615198612198115,15,61,0.7955717995321695,-0.1499935481057925,0.514671178863982
12_0nm_01run_250d.txt,tSNE,2,64,64,0,0,6660,12,1049,0.6653102573269765,0.6006611113598295,16,223,0.7712074404544305,0.1243502037422076,0.4998306069734293
12_0nm_01run_250d.txt,tSNE,2,128,64,0,0,6660,11,1015,0.67991969033438,0.6016568486301029,14,126,0.7728453088450837,-0.0052635545683866,0.4845772327153212
12_0nm_01run_250d.txt,tSNE,2,128,96,0,0,6660,13,1618,0.5278756977996513,0.5292040775259998,14,476,0.7637527130361806,0.1710221121348351,0.5197852771469282
12_0nm_01run_250d.txt,tSNE,2,128,128,0,0,6660,10,1196,0.5190087964266339,0.457600182946565,12,1101,0.6151913782306686,0.11978995722434,0.5035359789405706
12_0nm_01run_250d.txt,tSNE,2,256,128,0,0,6660,9,1041,0.5296126737572096,0.4581130554741034,12,1101,0.6151913782306686,0.11978995722434,0.5035359789405706
12_0nm_01run_250d.txt,tSNE,2,256,192,0,0,6660,9,1283,0.4802751898687346,0.4474283696849814,5,340,0.1557686210908962,-0.5604780234801462,0.153189586162595
12_0nm_01run_250d.txt,tSNE,2,256,256,0,0,6660,6,832,0.3353038955634754,0.3581270949153268,4,2374,0.1309022740819252,-0.1949004408576568,0.2401977004069631
12_0nm_01run_250d.txt,tSNE,3,4,2,0,0,6660,453,1644,0.1917761154175128,0.3857504858976268,578,987,0.1504633333457108,0.308138790194461,0.3846633947626822
12_0nm_01run_250d.txt,tSNE,3,4,3,0,0,6660,137,825,0.6239516383078036,0.5323303696275903,388,960,0.3129057466960948,0.2199686294205091,0.2890979882586575
12_0nm_01run_250d.txt,tSNE,3,4,4,0,0,6660,57,515,0.6822335837442972,0.5703088917606968,176,582,0.5945054335770481,0.1243819744075996,0.0930451473293289
12_0nm_01run_250d.txt,tSNE,3,8,4,0,0,6660,47,730,0.6833835897926734,0.5354165363151945,50,130,0.7127933469001803,0.02223379481271,-0.0744096326577338
12_0nm_01run_250d.txt,tSNE,3,8,6,0,0,6660,40,841,0.6395611737033653,0.4626410743365401,12,0,0.6822704486601774,0.132572891383725,0.0866743730511559
12_0nm_01run_250d.txt,tSNE,3,8,8,0,0,6660,31,813,0.6676512879881037,0.4643941592949895,13,0,0.6489982263799186,0.1279066584483481,0.0815604682709601
12_0nm_01run_250d.txt,tSNE,3,16,8,0,0,6660,26,931,0.632578430552267,0.4566837563531289,12,0,0.6480339605521547,0.1377360178869038,0.1163975048930401
12_0nm_01run_250d.txt,tSNE,3,16,12,0,0,6660,24,984,0.6292082279061162,0.539424524867842,10,0,0.681473482700504,0.2138811543169576,0.1716282976359112
12_0nm_01run_250d.txt,tSNE,3,16,16,0,0,6660,23,1069,0.6179444034467313,0.5364532540262151,11,0,0.688341951378712,0.07462733505585,0.0670493112404552
12_0nm_01run_250d.txt,tSNE,3,32,16,0,0,6660,19,987,0.6341020089630836,0.5259955694869204,11,0,0.688341951378712,0.07462733505585,0.0670493112404552
12_0nm_01run_250d.txt,tSNE,3,32,24,0,0,6660,16,735,0.6545106814214043,0.5656420387988433,10,36,0.6800783434463445,0.4094652916106939,0.2587613776199516
12_0nm_01run_250d.txt,tSNE,3,32,32,0,0,6660,14,825,0.6550663195728941,0.5793438041123826,10,28,0.6856121446175999,0.1461187517606413,0.2307676859579827
12_0nm_01run_250d.txt,tSNE,3,64,32,0,0,6660,12,715,0.6900000684351422,0.5769138235812156,10,28,0.6856121446175999,0.1461187517606413,0.2307676859579827
12_0nm_01run_250d.txt,tSNE,3,64,48,0,0,6660,13,949,0.6701037181502307,0.615198612198115,8,165,0.4541707295145811,0.2552919527015793,0.2843330690049109
12_0nm_01run_250d.txt,tSNE,3,64,64,0,0,6660,12,1049,0.6653102573269765,0.6006611113598295,6,161,0.3849887710963096,0.0128350712338981,0.2731814238583829
12_0nm_01run_250d.txt,tSNE,3,128,64,0,0,6660,11,1015,0.67991969033438,0.6016568486301029,6,161,0.3849887710963096,0.0128350712338981,0.2731814238583829
12_0nm_01run_250d.txt,tSNE,3,128,96,0,0,6660,13,1618,0.5278756977996513,0.5292040775259998,12,1121,0.5627869672614576,0.371498876357367,0.3124257370896687
12_0nm_01run_250d.txt,tSNE,3,128,128,0,0,6660,10,1196,0.5190087964266339,0.457600182946565,11,2134,0.330237267980338,0.3466982628660088,0.2967949445645076
12_0nm_01run_250d.txt,tSNE,3,256,128,0,0,6660,9,1041,0.5296126737572096,0.4581130554741034,8,2633,0.2948988080129084,0.2928577728679611,0.2478276522631002
12_0nm_01run_250d.txt,tSNE,3,256,192,0,0,6660,9,1283,0.4802751898687346,0.4474283696849814,4,4400,0.0743222465920805,-0.0756106773413561,0.0759754182375583
12_0nm_01run_250d.txt,tSNE,3,256,256,0,0,6660,6,832,0.3353038955634754,0.3581270949153268,2,5763,0.0224176565774095,-0.0445488057518657,0.0319916301300426
12_0nm_01run_250d.txt,UMAP,2,4,2,0,0,6660,453,1644,0.1917761154175128,0.3857504858976268,649,771,0.0294933912374636,0.057374723156064,0.4799443401668981
12_0nm_01run_250d.txt,UMAP,2,4,3,0,0,6660,137,825,0.6239516383078036,0.5323303696275903,576,920,0.0304692430598848,0.0714612127863982,0.5133268272881888
12_0nm_01run_250d.txt,UMAP,2,4,4,0,0,6660,57,515,0.6822335837442972,0.5703088917606968,460,1028,0.0343494249381715,0.0815320364880747,0.5180813675704042
12_0nm_01run_250d.txt,UMAP,2,8,4,0,0,6660,47,730,0.6833835897926734,0.5354165363151945,329,734,0.0574394482848547,0.0053958790569133,0.4958136777442721
12_0nm_01run_250d.txt,UMAP,2,8,6,0,0,6660,40,841,0.6395611737033653,0.4626410743365401,276,805,0.1180217980111398,0.0393764634569309,0.4944590905385383
12_0nm_01run_250d.txt,UMAP,2,8,8,0,0,6660,31,813,0.6676512879881037,0.4643941592949895,248,994,0.0963407964383956,0.0673231703840906,0.4996512668512474
12_0nm_01run_250d.txt,UMAP,2,16,8,0,0,6660,26,931,0.632578430552267,0.4566837563531289,129,558,0.3544554557391974,-0.0525097231949031,0.4315144337088602
12_0nm_01run_250d.txt,UMAP,2,16,12,0,0,6660,24,984,0.6292082279061162,0.539424524867842,46,173,0.5775225495470908,-0.1185731540062886,0.3546396434854432
12_0nm_01run_250d.txt,UMAP,2,16,16,0,0,6660,23,1069,0.6179444034467313,0.5364532540262151,41,210,0.6028355503926386,-0.0994414778128208,0.3957413550872646
12_0nm_01run_250d.txt,UMAP,2,32,16,0,0,6660,19,987,0.6341020089630836,0.5259955694869204,13,30,0.7012858705374005,-0.0575393412073571,0.3945383692153411
12_0nm_01run_250d.txt,UMAP,2,32,24,0,0,6660,16,735,0.6545106814214043,0.5656420387988433,11,30,0.7081610367879525,0.1329470654391406,0.5691822633628841
12_0nm_01run_250d.txt,UMAP,2,32,32,0,0,6660,14,825,0.6550663195728941,0.5793438041123826,9,0,0.5983762118156365,0.0702837494100633,0.5500159253819323
12_0nm_01run_250d.txt,UMAP,2,64,32,0,0,6660,12,715,0.6900000684351422,0.5769138235812156,9,0,0.5983762118156365,0.0702837494100633,0.5500159253819323
12_0nm_01run_250d.txt,UMAP,2,64,48,0,0,6660,13,949,0.6701037181502307,0.615198612198115,9,0,0.5983762118156365,0.0702837494100633,0.5500159253819323
12_0nm_01run_250d.txt,UMAP,2,256,192,0,0,6660,9,1283,0.4802751898687346,0.4474283696849814,8,88,0.5824779263105154,0.0721066489316558,0.6556361475186894
12_0nm_01run_250d.txt,UMAP,2,256,256,0,0,6660,6,832,0.3353038955634754,0.3581270949153268,2,0,0.0321232045475812,-0.3373525247510284,-0.0725499996853012
12_0nm_01run_250d.txt,UMAP,3,4,2,0,0,6660,453,1644,0.1917761154175128,0.3857504858976268,641,740,0.0295214406701009,0.0541994959954252,0.4796660860488272
12_0nm_01run_250d.txt,UMAP,3,4,3,0,0,6660,137,825,0.6239516383078036,0.5323303696275903,542,916,0.0329521909699116,0.0720780586281463,0.5108229945909373
12_0nm_01run_250d.txt,UMAP,3,4,4,0,0,6660,57,515,0.6822335837442972,0.5703088917606968,463,1060,0.0341391374035408,0.0735892521492602,0.5135033130565501
12_0nm_01run_250d.txt,UMAP,3,8,4,0,0,6660,47,730,0.6833835897926734,0.5354165363151945,326,810,0.0568022091865278,0.0063787441023145,0.4808723937459048
12_0nm_01run_250d.txt,UMAP,3,8,6,0,0,6660,40,841,0.6395611737033653,0.4626410743365401,284,930,0.0624785098088378,0.0248340317252245,0.5234135290970775
12_0nm_01run_250d.txt,UMAP,3,8,8,0,0,6660,31,813,0.6676512879881037,0.4643941592949895,260,1049,0.0662287547425496,0.0453029869652637,0.5230835334547308
12_0nm_01run_250d.txt,UMAP,3,16,8,0,0,6660,26,931,0.632578430552267,0.4566837563531289,101,335,0.4215016004811962,-0.144257086004638,0.5468593133178459
12_0nm_01run_250d.txt,UMAP,3,16,12,0,0,6660,24,984,0.6292082279061162,0.539424524867842,52,214,0.5772728486176453,-0.0791975450208032,0.5435820018365819
12_0nm_01run_250d.txt,UMAP,3,16,16,0,0,6660,23,1069,0.6179444034467313,0.5364532540262151,39,202,0.6355539151600608,-0.010323371493088,0.5893995469288907
12_0nm_01run_250d.txt,UMAP,3,32,16,0,0,6660,19,987,0.6341020089630836,0.5259955694869204,13,37,0.6928641708848937,0.082887575963896,0.6674743531139152
12_0nm_01run_250d.txt,UMAP,3,32,24,0,0,6660,16,735,0.6545106814214043,0.5656420387988433,10,0,0.7222839034477363,0.14330132191243,0.7294758235656787
12_0nm_01run_250d.txt,UMAP,3,32,32,0,0,6660,14,825,0.6550663195728941,0.5793438041123826,10,0,0.7222839034477363,0.14330132191243,0.7294758235656787
12_0nm_01run_250d.txt,UMAP,3,64,32,0,0,6660,12,715,0.6900000684351422,0.5769138235812156,10,0,0.7222839034477363,0.14330132191243,0.7294758235656787
12_0nm_01run_250d.txt,UMAP,3,64,48,0,0,6660,13,949,0.6701037181502307,0.615198612198115,10,0,0.7249051660638139,0.1287727306930994,0.7282690657079833
12_0nm_01run_250d.txt,UMAP,3,64,64,0,0,6660,12,1049,0.6653102573269765,0.6006611113598295,10,0,0.6946883508992707,-0.0507150422064661,0.737775960160467
12_0nm_01run_250d.txt,UMAP,3,128,64,0,0,6660,11,1015,0.67991969033438,0.6016568486301029,10,0,0.6946883508992707,-0.0507150422064661,0.737775960160467
12_0nm_01run_250d.txt,UMAP,3,128,96,0,0,6660,13,1618,0.5278756977996513,0.5292040775259998,11,0,0.6813194761233892,-0.0332288400665281,0.6434815962466132
12_0nm_01run_250d.txt,UMAP,3,128,128,0,0,6660,10,1196,0.5190087964266339,0.457600182946565,10,35,0.6931287638294718,-0.0795624272073189,0.5257395140751612
12_0nm_01run_250d.txt,UMAP,3,256,128,0,0,6660,9,1041,0.5296126737572096,0.4581130554741034,10,35,0.6931287638294718,-0.0795624272073189,0.5257395140751612
12_0nm_01run_250d.txt,UMAP,3,256,192,0,0,6660,9,1283,0.4802751898687346,0.4474283696849814,7,30,0.4724969422918109,0.0002385959068585,0.7871792042585494
12_0nm_01run_250d.txt,UMAP,3,256,256,0,0,6660,6,832,0.3353038955634754,0.3581270949153268,7,99,0.4698887627738194,0.150449963967159,0.7782088719603821
12_0nm_01run_250d.txt,TriMap,2,4,2,0,0,6660,453,1644,0.1917761154175128,0.3857504858976268,602,984,0.0285755793908766,-0.0070278877394921,0.4109129066614191
12_0nm_01run_250d.txt,TriMap,2,4,3,0,0,6660,137,825,0.6239516383078036,0.5323303696275903,509,1251,0.042257108113336,-0.0006529698060597,0.4136914942026324
12_0nm_01run_250d.txt,TriMap,2,4,4,0,0,6660,57,515,0.6822335837442972,0.5703088917606968,375,1181,0.0665396416297182,0.0505237744503036,0.4375514820072063
12_0nm_01run_250d.txt,TriMap,2,8,4,0,0,6660,47,730,0.6833835897926734,0.5354165363151945,253,955,0.1565756485316425,-0.0307767596218833,0.3847167882359635
12_0nm_01run_250d.txt,TriMap,2,8,6,0,0,6660,40,841,0.6395611737033653,0.4626410743365401,222,1071,0.2528877123774908,0.1326980163739428,0.4167194539792598
12_0nm_01run_250d.txt,TriMap,2,8,8,0,0,6660,31,813,0.6676512879881037,0.4643941592949895,177,1049,0.2644632175973387,0.1782577165653354,0.4457380822315522
12_0nm_01run_250d.txt,TriMap,2,16,8,0,0,6660,26,931,0.632578430552267,0.4566837563531289,91,681,0.420984469383818,0.1624589262467388,0.3802270359922814
12_0nm_01run_250d.txt,TriMap,2,16,12,0,0,6660,24,984,0.6292082279061162,0.539424524867842,64,524,0.5399715038688354,0.1456404526965706,0.175192576874399
12_0nm_01run_250d.txt,TriMap,2,16,16,0,0,6660,23,1069,0.6179444034467313,0.5364532540262151,19,146,0.689219419984954,-0.0407529454716424,0.0452260052467741
12_0nm_01run_250d.txt,TriMap,2,32,16,0,0,6660,19,987,0.6341020089630836,0.5259955694869204,14,80,0.535043624470471,0.1044237274087087,0.0965341263833553
12_0nm_01run_250d.txt,TriMap,2,32,24,0,0,6660,16,735,0.6545106814214043,0.5656420387988433,14,229,0.5299895641221861,-0.0315038038675774,0.1881173396587008
12_0nm_01run_250d.txt,TriMap,2,32,32,0,0,6660,14,825,0.6550663195728941,0.5793438041123826,9,61,0.5321484707065879,0.1244764483407753,0.3099320383805218
12_0nm_01run_250d.txt,TriMap,2,64,32,0,0,6660,12,715,0.6900000684351422,0.5769138235812156,14,164,0.658582464614345,0.0455762200921111,0.3157585277142525
12_0nm_01run_250d.txt,TriMap,2,64,48,0,0,6660,13,949,0.6701037181502307,0.615198612198115,13,202,0.3730922735884117,-0.0126400624085192,0.1130723074136531
12_0nm_01run_250d.txt,TriMap,2,64,64,0,0,6660,12,1049,0.6653102573269765,0.6006611113598295,10,177,0.505645952473326,0.0893757577355994,0.0617810347000683
12_0nm_01run_250d.txt,TriMap,2,128,64,0,0,6660,11,1015,0.67991969033438,0.6016568486301029,8,145,0.4237027207917949,0.2785432676320448,0.2339071641991448
12_0nm_01run_250d.txt,TriMap,2,128,96,0,0,6660,13,1618,0.5278756977996513,0.5292040775259998,11,962,0.6221514610347506,0.5361534358993043,0.3576654218809179
12_0nm_01run_250d.txt,TriMap,2,128,128,0,0,6660,10,1196,0.5190087964266339,0.457600182946565,10,1309,0.5157696473962321,0.3880790755651997,0.3438639631572257
12_0nm_01run_250d.txt,TriMap,2,256,128,0,0,6660,9,1041,0.5296126737572096,0.4581130554741034,5,687,0.3599179025523062,0.0659604514609701,0.2936800079027808
12_0nm_01run_250d.txt,TriMap,2,256,192,0,0,6660,9,1283,0.4802751898687346,0.4474283696849814,5,886,0.3394369739613855,0.0575930019623116,0.273602272610462
12_0nm_01run_250d.txt,TriMap,2,256,256,0,0,6660,6,832,0.3353038955634754,0.3581270949153268,3,835,0.2095224714168026,-0.0396247858213923,0.2234175237968043
12_0nm_01run_250d.txt,TriMap,3,4,2,0,0,6660,453,1644,0.1917761154175128,0.3857504858976268,610,986,0.0295279770299461,0.0120314669914805,0.4169701475410616
12_0nm_01run_250d.txt,TriMap,3,4,3,0,0,6660,137,825,0.6239516383078036,0.5323303696275903,487,1175,0.0343705621290542,0.0255147523141366,0.4346975854568771
12_0nm_01run_250d.txt,TriMap,3,4,4,0,0,6660,57,515,0.6822335837442972,0.5703088917606968,385,1285,0.0408859064361867,0.0711080558765283,0.4480485101938337
12_0nm_01run_250d.txt,TriMap,3,8,4,0,0,6660,47,730,0.6833835897926734,0.5354165363151945,282,1067,0.0798665928270904,0.0546319858914851,0.4358237762496712
12_0nm_01run_250d.txt,TriMap,3,8,6,0,0,6660,40,841,0.6395611737033653,0.4626410743365401,136,605,0.4868332645469003,0.0024371505909576,0.3038748313572162
12_0nm_01run_250d.txt,TriMap,3,8,8,0,0,6660,31,813,0.6676512879881037,0.4643941592949895,149,820,0.4100721017054453,0.2177465630010203,0.5047401870540544
12_0nm_01run_250d.txt,TriMap,3,16,8,0,0,6660,26,931,0.632578430552267,0.4566837563531289,72,450,0.5574642404505894,0.2168881600616202,0.5256758468908218
12_0nm_01run_250d.txt,TriMap,3,16,12,0,0,6660,24,984,0.6292082279061162,0.539424524867842,61,480,0.5174392144089658,0.1094857279791772,0.4829296186408947
12_0nm_01run_250d.txt,TriMap,3,16,16,0,0,6660,23,1069,0.6179444034467313,0.5364532540262151,40,504,0.6618532404687107,0.3173504181168547,0.5740011488503861
12_0nm_01run_250d.txt,TriMap,3,32,16,0,0,6660,19,987,0.6341020089630836,0.5259955694869204,21,160,0.726322626990687,0.2166810630517095,0.3682587202455955
12_0nm_01run_250d.txt,TriMap,3,32,24,0,0,6660,16,735,0.6545106814214043,0.5656420387988433,9,62,0.4316090275027341,0.2339573599693754,0.4392037658915912
12_0nm_01run_250d.txt,TriMap,3,32,32,0,0,6660,14,825,0.6550663195728941,0.5793438041123826,19,474,0.7377460932392156,0.4091164218178684,0.5443172431843716
12_0nm_01run_250d.txt,TriMap,3,64,32,0,0,6660,12,715,0.6900000684351422,0.5769138235812156,10,83,0.465931745643635,0.1192581455464456,0.4016659385631355
12_0nm_01run_250d.txt,TriMap,3,64,48,0,0,6660,13,949,0.6701037181502307,0.615198612198115,9,87,0.4330384069238091,0.2862477883494734,0.5115556844575786
12_0nm_01run_250d.txt,TriMap,3,64,64,0,0,6660,12,1049,0.6653102573269765,0.6006611113598295,9,163,0.4357497244659162,0.3105820158516227,0.5497099197844859
12_0nm_01run_250d.txt,TriMap,3,128,64,0,0,6660,11,1015,0.67991969033438,0.6016568486301029,10,163,0.5972764869845898,0.0752061654205502,0.1583142151838661
12_0nm_01run_250d.txt,TriMap,3,128,96,0,0,6660,13,1618,0.5278756977996513,0.5292040775259998,9,304,0.4258697339651525,0.3145833173004218,0.5190603359988162
12_0nm_01run_250d.txt,TriMap,3,128,128,0,0,6660,10,1196,0.5190087964266339,0.457600182946565,11,827,0.6253189427792322,0.4255604867877355,0.438416779418153
12_0nm_01run_250d.txt,TriMap,3,256,128,0,0,6660,9,1041,0.5296126737572096,0.4581130554741034,7,650,0.5256297784630901,-0.0336238668935966,0.3506446442129135
12_0nm_01run_250d.txt,TriMap,3,256,192,0,0,6660,9,1283,0.4802751898687346,0.4474283696849814,6,1248,0.3895585607536382,0.0159432171869761,0.2300176471993334
12_0nm_01run_250d.txt,TriMap,3,256,256,0,0,6660,6,832,0.3353038955634754,0.3581270949153268,4,1645,0.31268821071586,0.0997345867192585,0.3870861178593074
12_0nm_01run_250d.txt,PaCMAP,2,4,2,10,0,6660,453,1644,0.1917761154175128,0.3857504858976268,649,968,0.0258119701374808,-0.0410020429740129,0.4253310197531393
12_0nm_01run_250d.txt,PaCMAP,2,4,3,10,0,6660,137,825,0.6239516383078036,0.5323303696275903,552,1247,0.0274827299836233,-0.0043181667375452,0.4507685656337716
12_0nm_01run_250d.txt,PaCMAP,2,4,4,10,0,6660,57,515,0.6822335837442972,0.5703088917606968,427,1324,0.0349326739057643,-0.001563564979426,0.447149134259831
12_0nm_01run_250d.txt,PaCMAP,2,8,4,10,0,6660,47,730,0.6833835897926734,0.5354165363151945,282,924,0.0675797493154383,-0.0703597257224341,0.4101005851670901
12_0nm_01run_250d.txt,PaCMAP,2,8,6,10,0,6660,40,841,0.6395611737033653,0.4626410743365401,231,1022,0.1609718363135035,-0.0298866722592128,0.4649232927741751
12_0nm_01run_250d.txt,PaCMAP,2,8,8,10,0,6660,31,813,0.6676512879881037,0.4643941592949895,206,1157,0.1559861412464662,0.0020513829789152,0.4886447088509728
12_0nm_01run_250d.txt,PaCMAP,2,16,8,10,0,6660,26,931,0.632578430552267,0.4566837563531289,125,753,0.2337619225368613,-0.0624293005897185,0.4452473011023027
12_0nm_01run_250d.txt,PaCMAP,2,16,12,10,0,6660,24,984,0.6292082279061162,0.539424524867842,86,636,0.4244138018184086,0.0363101915231282,0.4913010624958164
12_0nm_01run_250d.txt,PaCMAP,2,16,16,10,0,6660,23,1069,0.6179444034467313,0.5364532540262151,62,535,0.4561334443627718,-0.1476608858775918,0.4326880262941599
12_0nm_01run_250d.txt,PaCMAP,2,32,16,10,0,6660,19,987,0.6341020089630836,0.5259955694869204,38,361,0.5317784383580565,-0.1699729941654242,0.4225258150359139
12_0nm_01run_250d.txt,PaCMAP,2,32,24,10,0,6660,16,735,0.6545106814214043,0.5656420387988433,34,595,0.5299413049206633,-0.1466892164812674,0.4282190861141723
12_0nm_01run_250d.txt,PaCMAP,2,32,32,10,0,6660,14,825,0.6550663195728941,0.5793438041123826,19,159,0.4552689053402569,-0.3418529824011816,0.1594216784145892
12_0nm_01run_250d.txt,PaCMAP,2,64,32,10,0,6660,12,715,0.6900000684351422,0.5769138235812156,8,0,0.4760991202768878,-0.3509347181752112,0.2653483991288791
12_0nm_01run_250d.txt,PaCMAP,2,64,48,10,0,6660,13,949,0.6701037181502307,0.615198612198115,14,224,0.60343643281676,-0.15203521998684,0.4216374580908874
12_0nm_01run_250d.txt,PaCMAP,2,64,64,10,0,6660,12,1049,0.6653102573269765,0.6006611113598295,11,239,0.4048415780145298,-0.1058933517879707,0.339649902937383
12_0nm_01run_250d.txt,PaCMAP,2,128,64,10,0,6660,11,1015,0.67991969033438,0.6016568486301029,11,97,0.639880008539582,-0.0424712901788382,0.3549924543265547
12_0nm_01run_250d.txt,PaCMAP,2,128,96,10,0,6660,13,1618,0.5278756977996513,0.5292040775259998,11,459,0.5598668073493676,0.1013283577290402,0.4920796807973375
12_0nm_01run_250d.txt,PaCMAP,2,128,128,10,0,6660,10,1196,0.5190087964266339,0.457600182946565,8,361,0.4517067068366496,-0.0816234408410384,0.4772214035409216
12_0nm_01run_250d.txt,PaCMAP,2,256,128,10,0,6660,9,1041,0.5296126737572096,0.4581130554741034,3,227,0.2667344530346241,-0.4525756009762797,0.3812605839366501
12_0nm_01run_250d.txt,PaCMAP,2,256,192,10,0,6660,9,1283,0.4802751898687346,0.4474283696849814,4,669,0.249801608140125,-0.3768648188652,0.3909489808177609
12_0nm_01run_250d.txt,PaCMAP,2,256,256,10,0,6660,6,832,0.3353038955634754,0.3581270949153268,4,800,0.3187950640751286,-0.161160256800636,0.239387616429395
12_0nm_01run_250d.txt,PaCMAP,3,4,2,10,0,6660,453,1644,0.1917761154175128,0.3857504858976268,643,975,0.0259857350310399,-0.0194774545475937,0.4375367037893241
12_0nm_01run_250d.txt,PaCMAP,3,4,3,10,0,6660,137,825,0.6239516383078036,0.5323303696275903,546,1258,0.0261613714685364,0.0207232443085343,0.4658254853914884
12_0nm_01run_250d.txt,PaCMAP,3,4,4,10,0,6660,57,515,0.6822335837442972,0.5703088917606968,438,1371,0.0297009757189689,0.0422033757492048,0.4744094255900446
12_0nm_01run_250d.txt,PaCMAP,3,8,4,10,0,6660,47,730,0.6833835897926734,0.5354165363151945,289,1011,0.0623981873586744,-0.0234602140175595,0.4359158558378454
12_0nm_01run_250d.txt,PaCMAP,3,8,6,10,0,6660,40,841,0.6395611737033653,0.4626410743365401,252,1134,0.070822979695252,0.0499047268769351,0.47470180306338
12_0nm_01run_250d.txt,PaCMAP,3,8,8,10,0,6660,31,813,0.6676512879881037,0.4643941592949895,154,788,0.4225015017711263,0.1768799770315453,0.6129598418718434
12_0nm_01run_250d.txt,PaCMAP,3,16,8,10,0,6660,26,931,0.632578430552267,0.4566837563531289,93,488,0.4806562333008815,0.1005147223781407,0.5894374874500251
12_0nm_01run_250d.txt,PaCMAP,3,16,12,10,0,6660,24,984,0.6292082279061162,0.539424524867842,58,412,0.4985733875806717,0.011494859667901,0.540458379756249
12_0nm_01run_250d.txt,PaCMAP,3,16,16,10,0,6660,23,1069,0.6179444034467313,0.5364532540262151,52,444,0.527097826807042,0.0791979619364227,0.5687370572426204
12_0nm_01run_250d.txt,PaCMAP,3,32,16,10,0,6660,19,987,0.6341020089630836,0.5259955694869204,17,34,0.6603325418150139,0.1381256945728955,0.5802382473422368
12_0nm_01run_250d.txt,PaCMAP,3,32,24,10,0,6660,16,735,0.6545106814214043,0.5656420387988433,13,153,0.6516540093880298,0.2398408288940011,0.6675086668080553
12_0nm_01run_250d.txt,PaCMAP,3,32,32,10,0,6660,14,825,0.6550663195728941,0.5793438041123826,19,223,0.6237297918117698,0.0734428158710085,0.5653884506065199
12_0nm_01run_250d.txt,PaCMAP,3,64,32,10,0,6660,12,715,0.6900000684351422,0.5769138235812156,10,48,0.6268353386473648,0.0785932745660763,0.5943444412879674
12_0nm_01run_250d.txt,PaCMAP,3,64,48,10,0,6660,13,949,0.6701037181502307,0.615198612198115,7,0,0.44421005310467,-0.0032286670944983,0.6776527355094274
12_0nm_01run_250d.txt,PaCMAP,3,64,64,10,0,6660,12,1049,0.6653102573269765,0.6006611113598295,6,0,0.4617365473140865,0.1016867447200346,0.8112698305847333
12_0nm_01run_250d.txt,PaCMAP,3,128,64,10,0,6660,11,1015,0.67991969033438,0.6016568486301029,6,0,0.4617365473140865,0.1016867447200346,0.8112698305847333
12_0nm_01run_250d.txt,PaCMAP,3,128,96,10,0,6660,13,1618,0.5278756977996513,0.5292040775259998,7,0,0.6276987823203417,0.136711568946736,0.6796533905539262
12_0nm_01run_250d.txt,PaCMAP,3,128,128,10,0,6660,10,1196,0.5190087964266339,0.457600182946565,7,187,0.4684977499185098,0.3038147436157012,0.7061569763954222
12_0nm_01run_250d.txt,PaCMAP,3,256,128,10,0,6660,9,1041,0.5296126737572096,0.4581130554741034,6,0,0.4617365473140865,0.1016867447200346,0.8112698305847332
12_0nm_01run_250d.txt,PaCMAP,3,256,192,10,0,6660,9,1283,0.4802751898687346,0.4474283696849814,6,39,0.4592614112579936,0.1048041641162447,0.806788940028375
12_0nm_01run_250d.txt,PaCMAP,3,256,256,10,0,6660,6,832,0.3353038955634754,0.3581270949153268,6,142,0.4607712307070693,0.08729696328277,0.7620144334080506
06_0nm_00run_100d.txt,tSNE,2,4,2,0,0,9712,763,2483,0.062277595986709,0.3378065666913932,896,1230,0.0447455571178083,0.2399148381605283,0.3935406963285094
06_0nm_00run_100d.txt,tSNE,2,4,3,0,0,9712,447,2592,0.2159013120476374,0.3292353655626023,682,1401,0.0807582051757872,0.211573513300915,0.3947907312049741
06_0nm_00run_100d.txt,tSNE,2,4,4,0,0,9712,144,1158,0.3941772376644735,0.4378630812935272,386,1022,0.3595372249051413,0.0272534436328508,0.4064202312929993
06_0nm_00run_100d.txt,tSNE,2,8,4,0,0,9712,56,710,0.4340182943588229,0.3566360196470085,199,544,0.5060033875277428,-0.1361287679790192,0.3528845406774453
06_0nm_00run_100d.txt,tSNE,2,8,6,0,0,9712,53,1177,0.3614798399719162,0.4178094033878665,130,529,0.6280482993664439,-0.1723010561828381,0.3456252485482862
06_0nm_00run_100d.txt,tSNE,2,8,8,0,0,9712,46,1104,0.3953100143802793,0.5117575119251521,57,225,0.7219557872935704,-0.2861904970844441,0.2818565954377178
06_0nm_00run_100d.txt,tSNE,2,16,8,0,0,9712,34,1051,0.3945554042140947,0.4734553098960793,45,142,0.7261278243020323,-0.340858271207175,0.2707240564318977
06_0nm_00run_100d.txt,tSNE,2,16,12,0,0,9712,26,928,0.4130605355344562,0.5759871295432393,33,125,0.6853265086395944,-0.3577911749330804,0.2891101936912288
06_0nm_00run_100d.txt,tSNE,2,16,16,0,0,9712,30,1746,0.4641382826287921,0.5134863755891508,27,68,0.707458740515707,-0.3410651616754294,0.2786845038766078
06_0nm_00run_100d.txt,tSNE,2,32,16,0,0,9712,25,1370,0.5050753867094387,0.5444883851116002,24,75,0.7081576791648193,-0.2894767983275332,0.276714007467203
06_0nm_00run_100d.txt,tSNE,2,32,24,0,0,9712,25,1688,0.4648970249359821,0.5266168105216008,21,26,0.7244556342022733,-0.3256079076671989,0.245734941205261
06_0nm_00run_100d.txt,tSNE,2,32,32,0,0,9712,18,1004,0.3773406251867981,0.6179342971557245,18,36,0.7332094026406925,-0.3688717091691155,0.2822852017939442
06_0nm_00run_100d.txt,tSNE,2,64,32,0,0,9712,14,885,0.3867857400476316,0.6009507490750615,19,37,0.7190910230200107,-0.3487985073026058,0.2742098710035872
06_0nm_00run_100d.txt,tSNE,2,64,48,0,0,9712,12,959,0.3863120200804197,0.6502356041138397,18,80,0.6143552096355526,-0.3298422781983942,0.3178218046640289
06_0nm_00run_100d.txt,tSNE,2,64,64,0,0,9712,11,774,0.3753611749997002,0.6741999739047522,18,149,0.7261128979173168,-0.325947718978203,0.3216307754986738
06_0nm_00run_100d.txt,tSNE,2,128,64,0,0,9712,13,1528,0.4307329756513235,0.6404090535752108,17,270,0.7235979660304028,-0.3236949338178282,0.3123264263657507
06_0nm_00run_100d.txt,tSNE,2,128,96,0,0,9712,10,975,0.3692622573008531,0.5898784261892537,15,636,0.5600460824619122,-0.1336163385526134,0.3320189073025321
06_0nm_00run_100d.txt,tSNE,2,128,128,0,0,9712,10,1268,0.3521093809840577,0.5795147534895213,13,1454,0.4297722900008442,0.0535431456658384,0.3311702588166554
06_0nm_00run_100d.txt,tSNE,2,256,128,0,0,9712,9,1423,0.3475062315832934,0.5734234770566002,7,793,0.1300606057745553,-0.476410434455096,0.0091569331691361
06_0nm_00run_100d.txt,tSNE,2,256,192,0,0,9712,6,2138,0.3131087390133359,0.5164446386314859,2,74,0.0112877806465796,-0.3146715759663213,-0.1994998221052596
06_0nm_00run_100d.txt,tSNE,2,256,256,0,0,9712,5,1373,0.2751826708816484,0.6656949800969479,5,4500,0.0864152217903973,-0.2563679278205148,0.0802894949725953
06_0nm_00run_100d.txt,tSNE,3,4,2,0,0,9712,763,2483,0.062277595986709,0.3378065666913932,948,1425,0.0251547306801404,0.2724641362520645,0.3715309790894128
06_0nm_00run_100d.txt,tSNE,3,4,3,0,0,9712,447,2592,0.2159013120476374,0.3292353655626023,731,1794,0.0809683965003496,0.3022853159413464,0.3939824098727495
06_0nm_00run_100d.txt,tSNE,3,4,4,0,0,9712,144,1158,0.3941772376644735,0.4378630812935272,444,1511,0.2985643263804818,0.1863902764648002,0.3983812820260055
06_0nm_00run_100d.txt,tSNE,3,8,4,0,0,9712,56,710,0.4340182943588229,0.3566360196470085,228,1031,0.4053434341215206,0.1403126858238799,0.3658360920839258
06_0nm_00run_100d.txt,tSNE,3,8,6,0,0,9712,53,1177,0.3614798399719162,0.4178094033878665,150,904,0.4486034155320074,0.0258229139203438,0.2692752214969537
06_0nm_00run_100d.txt,tSNE,3,8,8,0,0,9712,46,1104,0.3953100143802793,0.5117575119251521,85,800,0.553862116086956,-0.0081943567865712,0.1993734986247526
06_0nm_00run_100d.txt,tSNE,3,16,8,0,0,9712,34,1051,0.3945554042140947,0.4734553098960793,7,0,0.2699789041002929,-0.2786132309325602,-0.0573315324422987
06_0nm_00run_100d.txt,tSNE,3,16,12,0,0,9712,26,928,0.4130605355344562,0.5759871295432393,16,220,0.5931258874920255,-0.178700880695068,0.1283158986798057
06_0nm_00run_100d.txt,tSNE,3,16,16,0,0,9712,30,1746,0.4641382826287921,0.5134863755891508,6,7,0.260144212261714,-0.2705225760768396,-0.0154589355824963
06_0nm_00run_100d.txt,tSNE,3,32,16,0,0,9712,25,1370,0.5050753867094387,0.5444883851116002,6,7,0.260144212261714,-0.2705225760768396,-0.0154589355824963
06_0nm_00run_100d.txt,tSNE,3,32,24,0,0,9712,25,1688,0.4648970249359821,0.5266168105216008,5,0,0.1541259723502379,-0.3201448913844597,0.1010350188361275
06_0nm_00run_100d.txt,tSNE,3,32,32,0,0,9712,18,1004,0.3773406251867981,0.6179342971557245,5,0,0.1541259723502379,-0.3201448913844597,0.1010350188361275
06_0nm_00run_100d.txt,tSNE,3,64,32,0,0,9712,14,885,0.3867857400476316,0.6009507490750615,5,0,0.1541259723502379,-0.3201448913844597,0.1010350188361275
06_0nm_00run_100d.txt,tSNE,3,64,48,0,0,9712,12,959,0.3863120200804197,0.6502356041138397,6,0,0.2603916508775031,-0.2707047460640072,-0.0157486093046529
06_0nm_00run_100d.txt,tSNE,3,64,64,0,0,9712,11,774,0.3753611749997002,0.6741999739047522,7,171,0.4058281559307868,0.1754631725394675,0.0999510535916011
06_0nm_00run_100d.txt,tSNE,3,128,64,0,0,9712,13,1528,0.4307329756513235,0.6404090535752108,9,282,0.4352946959770268,0.1255805209342739,0.1688158497892999
06_0nm_00run_100d.txt,tSNE,3,128,96,0,0,9712,10,975,0.3692622573008531,0.5898784261892537,8,757,0.3996111727021678,-0.1109038725508149,-0.0249970214342651
06_0nm_00run_100d.txt,tSNE,3,128,128,0,0,9712,10,1268,0.3521093809840577,0.5795147534895213,9,2314,0.3195130899499961,0.2658970810606805,0.2732214965478216
06_0nm_00run_100d.txt,tSNE,3,256,128,0,0,9712,9,1423,0.3475062315832934,0.5734234770566002,9,2314,0.3195130899499961,0.2658970810606805,0.2732214965478216
06_0nm_00run_100d.txt,tSNE,3,256,192,0,0,9712,6,2138,0.3131087390133359,0.5164446386314859,8,4928,0.1109589053141742,0.2654377870229976,0.2392697010748607
06_0nm_00run_100d.txt,tSNE,3,256,256,0,0,9712,5,1373,0.2751826708816484,0.6656949800969479,3,7406,0.0237355307420568,0.1139482565620764,0.0450421980211014
06_0nm_00run_100d.txt,UMAP,2,4,2,0,0,9712,763,2483,0.062277595986709,0.3378065666913932,949,1120,0.0297965356253548,0.1023481417442375,0.4767751691181009
06_0nm_00run_100d.txt,UMAP,2,4,3,0,0,9712,447,2592,0.2159013120476374,0.3292353655626023,841,1443,0.0278423332307743,0.1248766707332769,0.5009365880551676
06_0nm_00run_100d.txt,UMAP,2,4,4,0,0,9712,144,1158,0.3941772376644735,0.4378630812935272,648,1522,0.0359500150092698,0.0965436919295237,0.4992274938341633
06_0nm_00run_100d.txt,UMAP,2,8,4,0,0,9712,56,710,0.4340182943588229,0.3566360196470085,443,1073,0.0740945680637047,0.0148463613095286,0.4387374119155788
06_0nm_00run_100d.txt,UMAP,2,8,6,0,0,9712,53,1177,0.3614798399719162,0.4178094033878665,409,1369,0.0954189904003967,0.0416704162768466,0.4719459639159176
06_0nm_00run_100d.txt,UMAP,2,8,8,0,0,9712,46,1104,0.3953100143802793,0.5117575119251521,351,1628,0.0914216032700545,0.0373073956764958,0.4685755797516218
06_0nm_00run_100d.txt,UMAP,2,16,8,0,0,9712,34,1051,0.3945554042140947,0.4734553098960793,167,727,0.3303208734860064,-0.1564283129766158,0.2616803780925389
06_0nm_00run_100d.txt,UMAP,2,16,12,0,0,9712,26,928,0.4130605355344562,0.5759871295432393,124,754,0.476133379128296,-0.0633717453671656,0.4846367116018458
06_0nm_00run_100d.txt,UMAP,2,16,16,0,0,9712,30,1746,0.4641382826287921,0.5134863755891508,50,282,0.4398575949639008,-0.2163382320251729,0.3579540336761103
06_0nm_00run_100d.txt,UMAP,2,32,16,0,0,9712,25,1370,0.5050753867094387,0.5444883851116002,14,0,0.4775612853606897,-0.2846694212905506,0.2890388924686792
06_0nm_00run_100d.txt,UMAP,2,32,24,0,0,9712,25,1688,0.4648970249359821,0.5266168105216008,14,9,0.4775055193429255,-0.2839180000102392,0.3331161720464602
06_0nm_00run_100d.txt,UMAP,2,32,32,0,0,9712,18,1004,0.3773406251867981,0.6179342971557245,9,20,0.2851446671508278,-0.3739753172145934,0.2935951711738216
06_0nm_00run_100d.txt,UMAP,2,64,32,0,0,9712,14,885,0.3867857400476316,0.6009507490750615,9,20,0.2851446671508278,-0.3739753172145934,0.2935951711738216
06_0nm_00run_100d.txt,UMAP,2,64,48,0,0,9712,12,959,0.3863120200804197,0.6502356041138397,11,42,0.4349342408911725,-0.3390774068549539,0.1186417349601267
06_0nm_00run_100d.txt,UMAP,2,64,64,0,0,9712,11,774,0.3753611749997002,0.6741999739047522,8,25,0.2788999196885141,-0.3998066348493328,0.3255611304835985
06_0nm_00run_100d.txt,UMAP,2,128,64,0,0,9712,13,1528,0.4307329756513235,0.6404090535752108,7,25,0.2746087571782105,-0.2755646218920448,0.1996184827160053
06_0nm_00run_100d.txt,UMAP,2,128,96,0,0,9712,10,975,0.3692622573008531,0.5898784261892537,10,171,0.3602451558716601,-0.4222303700972523,-0.1383048663210173
06_0nm_00run_100d.txt,UMAP,2,128,128,0,0,9712,10,1268,0.3521093809840577,0.5795147534895213,8,115,0.3432561434738989,-0.3434517037458149,0.0706415173793474
06_0nm_00run_100d.txt,UMAP,2,256,128,0,0,9712,9,1423,0.3475062315832934,0.5734234770566002,8,115,0.3432561434738989,-0.3434517037458149,0.0706415173793474
06_0nm_00run_100d.txt,UMAP,2,256,192,0,0,9712,6,2138,0.3131087390133359,0.5164446386314859,6,197,0.259390809093004,0.112689048109228,0.2419348044595782
06_0nm_00run_100d.txt,UMAP,2,256,256,0,0,9712,5,1373,0.2751826708816484,0.6656949800969479,10,1057,0.4796628554491477,-0.0228379897563613,0.3406309569801156
06_0nm_00run_100d.txt,UMAP,3,4,2,0,0,9712,763,2483,0.062277595986709,0.3378065666913932,942,1126,0.029721181636398,0.1075282302282313,0.4744403414148962
06_0nm_00run_100d.txt,UMAP,3,4,3,0,0,9712,447,2592,0.2159013120476374,0.3292353655626023,805,1345,0.0330020324402681,0.1259876070949116,0.5108523521246292
06_0nm_00run_100d.txt,UMAP,3,4,4,0,0,9712,144,1158,0.3941772376644735,0.4378630812935272,659,1454,0.0362028358725678,0.1110986238206584,0.518793567015531
06_0nm_00run_100d.txt,UMAP,3,8,4,0,0,9712,56,710,0.4340182943588229,0.3566360196470085,448,1081,0.0634772369759938,0.0241075685730585,0.4936681897009219
06_0nm_00run_100d.txt,UMAP,3,8,6,0,0,9712,53,1177,0.3614798399719162,0.4178094033878665,414,1383,0.0584334236713668,0.0454505508574499,0.5035605531527544
06_0nm_00run_100d.txt,UMAP,3,8,8,0,0,9712,46,1104,0.3953100143802793,0.5117575119251521,334,1456,0.1705787263479752,0.045162522809078,0.5312138752357093
06_0nm_00run_100d.txt,UMAP,3,16,8,0,0,9712,34,1051,0.3945554042140947,0.4734553098960793,191,982,0.3325084760618412,-0.028400361838579,0.4410488164219723
06_0nm_00run_100d.txt,UMAP,3,16,12,0,0,9712,26,928,0.4130605355344562,0.5759871295432393,168,1255,0.3344316487325689,-0.0202474574754465,0.4601672370105042
06_0nm_00run_100d.txt,UMAP,3,16,16,0,0,9712,30,1746,0.4641382826287921,0.5134863755891508,103,1168,0.4447894018044344,-0.07067126939248,0.4715635680132072
06_0nm_00run_100d.txt,UMAP,3,32,16,0,0,9712,25,1370,0.5050753867094387,0.5444883851116002,56,604,0.5901203156651468,-0.0889937662187356,0.4297179261075107
06_0nm_00run_100d.txt,UMAP,3,32,24,0,0,9712,25,1688,0.4648970249359821,0.5266168105216008,11,19,0.4522559107785462,-0.163421692160513,0.4338098344280716
06_0nm_00run_100d.txt,UMAP,3,32,32,0,0,9712,18,1004,0.3773406251867981,0.6179342971557245,8,0,0.281000227519748,-0.2502340555059157,0.3022849512633565
06_0nm_00run_100d.txt,UMAP,3,64,32,0,0,9712,14,885,0.3867857400476316,0.6009507490750615,9,50,0.2898144604176326,-0.2135310775887931,0.2707992210519456
06_0nm_00run_100d.txt,UMAP,3,64,48,0,0,9712,12,959,0.3863120200804197,0.6502356041138397,11,194,0.2741720793625943,-0.2295550089317075,0.2265856748420238
06_0nm_00run_100d.txt,UMAP,3,64,64,0,0,9712,11,774,0.3753611749997002,0.6741999739047522,10,131,0.4326216499020034,-0.128522984452157,0.0310498787299184
06_0nm_00run_100d.txt,UMAP,3,128,64,0,0,9712,13,1528,0.4307329756513235,0.6404090535752108,10,131,0.4326216499020034,-0.128522984452157,0.0310498787299184
06_0nm_00run_100d.txt,UMAP,3,128,96,0,0,9712,10,975,0.3692622573008531,0.5898784261892537,10,241,0.2664205322691593,0.007440726534613,0.4540670530530693
06_0nm_00run_100d.txt,UMAP,3,128,128,0,0,9712,10,1268,0.3521093809840577,0.5795147534895213,8,165,0.3434952416066835,-0.4544554701137663,-0.2874768084621602
06_0nm_00run_100d.txt,UMAP,3,256,128,0,0,9712,9,1423,0.3475062315832934,0.5734234770566002,7,114,0.3368287967046938,-0.5353586046614983,-0.3881218814952372
06_0nm_00run_100d.txt,UMAP,3,256,192,0,0,9712,6,2138,0.3131087390133359,0.5164446386314859,3,0,0.1460301835094453,-0.227019414715589,0.373027781561255
06_0nm_00run_100d.txt,UMAP,3,256,256,0,0,9712,5,1373,0.2751826708816484,0.6656949800969479,4,11,0.2470070213274128,-0.5145235177652169,-0.3083913716341012
06_0nm_00run_100d.txt,TriMap,2,4,2,0,0,9712,763,2483,0.062277595986709,0.3378065666913932,845,1500,0.0298324658305359,0.0214861697671955,0.3718044171817917
06_0nm_00run_100d.txt,TriMap,2,4,3,0,0,9712,447,2592,0.2159013120476374,0.3292353655626023,710,1925,0.0271133621639532,0.0633481956538698,0.416071796941471
06_0nm_00run_100d.txt,TriMap,2,4,4,0,0,9712,144,1158,0.3941772376644735,0.4378630812935272,558,2214,0.0313164799175837,0.0514233475080708,0.425413496278486
06_0nm_00run_100d.txt,TriMap,2,8,4,0,0,9712,56,710,0.4340182943588229,0.3566360196470085,352,1555,0.1495442024421399,0.0528119857599521,0.3226034980030264
06_0nm_00run_100d.txt,TriMap,2,8,6,0,0,9712,53,1177,0.3614798399719162,0.4178094033878665,318,2019,0.155960019840742,0.110535919398921,0.4081721818824212
06_0nm_00run_100d.txt,TriMap,2,8,8,0,0,9712,46,1104,0.3953100143802793,0.5117575119251521,152,1010,0.3037321889960579,0.1564182346156551,0.1677617504927723
06_0nm_00run_100d.txt,TriMap,2,16,8,0,0,9712,34,1051,0.3945554042140947,0.4734553098960793,162,1537,0.2645283584710093,0.1053265615916314,0.3429602050400617
06_0nm_00run_100d.txt,TriMap,2,16,12,0,0,9712,26,928,0.4130605355344562,0.5759871295432393,87,1109,0.3243101528853741,0.2193123793026711,0.1757137919821439
06_0nm_00run_100d.txt,TriMap,2,16,16,0,0,9712,30,1746,0.4641382826287921,0.5134863755891508,47,481,0.3782044424800223,-0.1444690980427781,-0.1145802462428396
06_0nm_00run_100d.txt,TriMap,2,32,16,0,0,9712,25,1370,0.5050753867094387,0.5444883851116002,22,179,0.4021813355269077,0.1608574576278683,0.0699911685044313
06_0nm_00run_100d.txt,TriMap,2,32,24,0,0,9712,25,1688,0.4648970249359821,0.5266168105216008,21,263,0.4327156085342314,0.0557331378904734,0.0559633427555425
06_0nm_00run_100d.txt,TriMap,2,32,32,0,0,9712,18,1004,0.3773406251867981,0.6179342971557245,21,227,0.5064896362599699,-0.0613484479273036,0.2280382206335575
06_0nm_00run_100d.txt,TriMap,2,64,32,0,0,9712,14,885,0.3867857400476316,0.6009507490750615,11,339,0.4243327394213071,0.2383485743844711,0.0941115067240812
06_0nm_00run_100d.txt,TriMap,2,64,48,0,0,9712,12,959,0.3863120200804197,0.6502356041138397,15,509,0.4451015347954249,0.1707196424839027,0.1068019551460906
06_0nm_00run_100d.txt,TriMap,2,64,64,0,0,9712,11,774,0.3753611749997002,0.6741999739047522,10,278,0.3375441001196377,0.1193978542227424,0.0320265551841807
06_0nm_00run_100d.txt,TriMap,2,128,64,0,0,9712,13,1528,0.4307329756513235,0.6404090535752108,8,247,0.3409373806821658,0.1820265731374135,0.2507890921992459
06_0nm_00run_100d.txt,TriMap,2,128,96,0,0,9712,10,975,0.3692622573008531,0.5898784261892537,10,496,0.3406649957045059,0.1944632198677049,0.3249056653574022
06_0nm_00run_100d.txt,TriMap,2,128,128,0,0,9712,10,1268,0.3521093809840577,0.5795147534895213,8,884,0.3417612926477289,0.1020476447366317,0.0839080331581561
06_0nm_00run_100d.txt,TriMap,2,256,128,0,0,9712,9,1423,0.3475062315832934,0.5734234770566002,5,491,0.2787069275566005,0.5072958047019418,0.3031712266741358
06_0nm_00run_100d.txt,TriMap,2,256,192,0,0,9712,6,2138,0.3131087390133359,0.5164446386314859,5,734,0.2691493133970299,-0.2564903780250166,-0.4090174460518593
06_0nm_00run_100d.txt,TriMap,2,256,256,0,0,9712,5,1373,0.2751826708816484,0.6656949800969479,4,1517,0.2106719389913256,0.304558729443051,-0.0660996150846795
06_0nm_00run_100d.txt,TriMap,3,4,2,0,0,9712,763,2483,0.062277595986709,0.3378065666913932,847,1667,0.0275821756290495,0.0876760808843945,0.3863287692199542
06_0nm_00run_100d.txt,TriMap,3,4,3,0,0,9712,447,2592,0.2159013120476374,0.3292353655626023,687,1954,0.0279819758058964,0.1006880052409068,0.4118943686525233
06_0nm_00run_100d.txt,TriMap,3,4,4,0,0,9712,144,1158,0.3941772376644735,0.4378630812935272,532,2037,0.0815806153462424,0.136522549317358,0.4169779977250871
06_0nm_00run_100d.txt,TriMap,3,8,4,0,0,9712,56,710,0.4340182943588229,0.3566360196470085,390,1789,0.059151376086962,0.0814568610125438,0.3971800742456281
06_0nm_00run_100d.txt,TriMap,3,8,6,0,0,9712,53,1177,0.3614798399719162,0.4178094033878665,331,2025,0.1017259182990892,0.1345149296216767,0.4151243442651848
06_0nm_00run_100d.txt,TriMap,3,8,8,0,0,9712,46,1104,0.3953100143802793,0.5117575119251521,281,2263,0.1000021698221354,0.1658687386945976,0.4263996780516967
06_0nm_00run_100d.txt,TriMap,3,16,8,0,0,9712,34,1051,0.3945554042140947,0.4734553098960793,106,847,0.4594811564631924,0.0441475455552073,0.2450006608554277
06_0nm_00run_100d.txt,TriMap,3,16,12,0,0,9712,26,928,0.4130605355344562,0.5759871295432393,73,919,0.5142145953817887,0.0908884479325449,0.4111408495284395
06_0nm_00run_100d.txt,TriMap,3,16,16,0,0,9712,30,1746,0.4641382826287921,0.5134863755891508,73,1009,0.4961168738235153,0.0765633641201735,0.3269610704385879
06_0nm_00run_100d.txt,TriMap,3,32,16,0,0,9712,25,1370,0.5050753867094387,0.5444883851116002,33,656,0.308064293003767,-0.1164482387382774,0.3131931814803045
06_0nm_00run_100d.txt,TriMap,3,32,24,0,0,9712,25,1688,0.4648970249359821,0.5266168105216008,16,236,0.4522476793753446,0.1380964114529479,0.2013591437583342
06_0nm_00run_100d.txt,TriMap,3,32,32,0,0,9712,18,1004,0.3773406251867981,0.6179342971557245,16,262,0.3466326352075592,0.0601060731170494,0.2755943851424005
06_0nm_00run_100d.txt,TriMap,3,64,32,0,0,9712,14,885,0.3867857400476316,0.6009507490750615,15,381,0.4416548187106837,0.0294158141147258,0.261611956059071
06_0nm_00run_100d.txt,TriMap,3,64,48,0,0,9712,12,959,0.3863120200804197,0.6502356041138397,11,205,0.3528747613907643,-0.0232359686397164,0.371710003661091
06_0nm_00run_100d.txt,TriMap,3,64,64,0,0,9712,11,774,0.3753611749997002,0.6741999739047522,10,169,0.4312194065217258,-0.0924020029003365,0.0720618858682777
06_0nm_00run_100d.txt,TriMap,3,128,64,0,0,9712,13,1528,0.4307329756513235,0.6404090535752108,13,476,0.4511851105781417,0.3279795479592946,0.3757928008752029
06_0nm_00run_100d.txt,TriMap,3,128,96,0,0,9712,10,975,0.3692622573008531,0.5898784261892537,12,753,0.4230393099764349,0.4933557069385662,0.4696753096304711
06_0nm_00run_100d.txt,TriMap,3,128,128,0,0,9712,10,1268,0.3521093809840577,0.5795147534895213,4,201,0.1022067477386578,0.3049058285516564,0.3101616776139421
06_0nm_00run_100d.txt,TriMap,3,256,128,0,0,9712,9,1423,0.3475062315832934,0.5734234770566002,8,1133,0.2905459041066001,0.5430006465042078,0.3460893460910966
06_0nm_00run_100d.txt,TriMap,3,256,192,0,0,9712,6,2138,0.3131087390133359,0.5164446386314859,4,864,0.1005881636518556,0.5035900447411885,0.3156095947759363
06_0nm_00run_100d.txt,TriMap,3,256,256,0,0,9712,5,1373,0.2751826708816484,0.6656949800969479,5,1219,0.259749599638566,0.0226410804345575,-0.2739598633336218
06_0nm_00run_100d.txt,PaCMAP,2,4,2,10,0,9712,763,2483,0.062277595986709,0.3378065666913932,914,1582,0.0232973940335167,0.0336998919299947,0.3999720793476198
06_0nm_00run_100d.txt,PaCMAP,2,4,3,10,0,9712,447,2592,0.2159013120476374,0.3292353655626023,750,1898,0.0255079312974347,0.069906990294044,0.4280812167666736
06_0nm_00run_100d.txt,PaCMAP,2,4,4,10,0,9712,144,1158,0.3941772376644735,0.4378630812935272,579,2025,0.0338628017769264,0.0743519716550318,0.4290364288616014
06_0nm_00run_100d.txt,PaCMAP,2,8,4,10,0,9712,56,710,0.4340182943588229,0.3566360196470085,373,1527,0.1212575381462429,0.0441214440462783,0.3956931120870736
06_0nm_00run_100d.txt,PaCMAP,2,8,6,10,0,9712,53,1177,0.3614798399719162,0.4178094033878665,324,1852,0.1196638030197669,0.1064834736551337,0.4370582701926275
06_0nm_00run_100d.txt,PaCMAP,2,8,8,10,0,9712,46,1104,0.3953100143802793,0.5117575119251521,281,2089,0.1144813053058603,0.1065382607656397,0.4397944594588679
06_0nm_00run_100d.txt,PaCMAP,2,16,8,10,0,9712,34,1051,0.3945554042140947,0.4734553098960793,143,1345,0.2869521076556959,0.1394604816470699,0.3785998796957477
06_0nm_00run_100d.txt,PaCMAP,2,16,12,10,0,9712,26,928,0.4130605355344562,0.5759871295432393,86,872,0.338857439633846,0.0832875008719059,0.2282696192033156
06_0nm_00run_100d.txt,PaCMAP,2,16,16,10,0,9712,30,1746,0.4641382826287921,0.5134863755891508,115,1889,0.3176010839164742,0.1050638450104034,0.3425813342954704
06_0nm_00run_100d.txt,PaCMAP,2,32,16,10,0,9712,25,1370,0.5050753867094387,0.5444883851116002,50,844,0.3938513788164909,-0.0592070238395837,0.131925135903832
06_0nm_00run_100d.txt,PaCMAP,2,32,24,10,0,9712,25,1688,0.4648970249359821,0.5266168105216008,40,916,0.3679043516095497,0.1272624041643594,0.1823127477267145
06_0nm_00run_100d.txt,PaCMAP,2,32,32,10,0,9712,18,1004,0.3773406251867981,0.6179342971557245,39,1286,0.3508319321511109,0.1536465575591477,0.1868687713917634
06_0nm_00run_100d.txt,PaCMAP,2,64,32,10,0,9712,14,885,0.3867857400476316,0.6009507490750615,4,0,0.1588213668964469,-0.1691547571795917,-0.1846015137558302
06_0nm_00run_100d.txt,PaCMAP,2,64,48,10,0,9712,12,959,0.3863120200804197,0.6502356041138397,5,3,0.1664595164917383,-0.2447137426782021,-0.2497050488580177
06_0nm_00run_100d.txt,PaCMAP,2,64,64,10,0,9712,11,774,0.3753611749997002,0.6741999739047522,4,11,0.1595501017376086,-0.168627716680846,-0.1775565019607899
06_0nm_00run_100d.txt,PaCMAP,2,128,64,10,0,9712,13,1528,0.4307329756513235,0.6404090535752108,4,11,0.1595501017376086,-0.168627716680846,-0.1775565019607899
06_0nm_00run_100d.txt,PaCMAP,2,128,96,10,0,9712,10,975,0.3692622573008531,0.5898784261892537,6,27,0.1879182103801956,-0.4408605954196898,-0.4357166687776117
06_0nm_00run_100d.txt,PaCMAP,2,128,128,10,0,9712,10,1268,0.3521093809840577,0.5795147534895213,9,1017,0.4441394832796333,-0.0957721567746071,0.0639749537602208
06_0nm_00run_100d.txt,PaCMAP,2,256,128,10,0,9712,9,1423,0.3475062315832934,0.5734234770566002,8,651,0.386602361310095,0.045769503620376,-0.0770397534431243
06_0nm_00run_100d.txt,PaCMAP,2,256,192,10,0,9712,6,2138,0.3131087390133359,0.5164446386314859,9,1263,0.3408995728734499,0.187615857864846,0.3985896627973426
06_0nm_00run_100d.txt,PaCMAP,2,256,256,10,0,9712,5,1373,0.2751826708816484,0.6656949800969479,7,2354,0.282111329424693,0.1458584349594621,0.3512875015793712
06_0nm_00run_100d.txt,PaCMAP,3,4,2,10,0,9712,763,2483,0.062277595986709,0.3378065666913932,886,1576,0.0247923698210505,0.0511623986513961,0.4107402121747762
06_0nm_00run_100d.txt,PaCMAP,3,4,3,10,0,9712,447,2592,0.2159013120476374,0.3292353655626023,755,1920,0.0250889951828521,0.0947345660417799,0.4382265576280407
06_0nm_00run_100d.txt,PaCMAP,3,4,4,10,0,9712,144,1158,0.3941772376644735,0.4378630812935272,582,2034,0.0350065013914077,0.1006015677379431,0.4540145651337021
06_0nm_00run_100d.txt,PaCMAP,3,8,4,10,0,9712,56,710,0.4340182943588229,0.3566360196470085,383,1647,0.1121009182630607,0.0755809014091868,0.4496747463719179
06_0nm_00run_100d.txt,PaCMAP,3,8,6,10,0,9712,53,1177,0.3614798399719162,0.4178094033878665,325,1849,0.1196950864533611,0.1030416486163673,0.4675206191877613
06_0nm_00run_100d.txt,PaCMAP,3,8,8,10,0,9712,46,1104,0.3953100143802793,0.5117575119251521,280,2079,0.1153017732293788,0.1196105097404006,0.4719500191452076
06_0nm_00run_100d.txt,PaCMAP,3,16,8,10,0,9712,34,1051,0.3945554042140947,0.4734553098960793,143,1355,0.286922365500473,0.1486592930789754,0.5089286316576336
06_0nm_00run_100d.txt,PaCMAP,3,16,12,10,0,9712,26,928,0.4130605355344562,0.5759871295432393,115,1447,0.3529916807371234,0.1948398570940235,0.4918457570231809
06_0nm_00run_100d.txt,PaCMAP,3,16,16,10,0,9712,30,1746,0.4641382826287921,0.5134863755891508,85,1206,0.3070723081472733,0.1180739511874777,0.6201588155471547
06_0nm_00run_100d.txt,PaCMAP,3,32,16,10,0,9712,25,1370,0.5050753867094387,0.5444883851116002,4,0,0.1616644012370359,0.0995826886919762,0.7512613783004989
06_0nm_00run_100d.txt,PaCMAP,3,32,24,10,0,9712,25,1688,0.4648970249359821,0.5266168105216008,4,0,0.1616644012370359,0.0995826886919762,0.7512613783004988
06_0nm_00run_100d.txt,PaCMAP,3,32,32,10,0,9712,18,1004,0.3773406251867981,0.6179342971557245,4,0,0.1616644012370359,0.0995826886919762,0.7512613783004988
06_0nm_00run_100d.txt,PaCMAP,3,64,32,10,0,9712,14,885,0.3867857400476316,0.6009507490750615,4,0,0.1616644012370359,0.0995826886919762,0.7512613783004988
06_0nm_00run_100d.txt,PaCMAP,3,64,48,10,0,9712,12,959,0.3863120200804197,0.6502356041138397,5,4,0.1691984211120131,0.0222036281187965,0.6877346586087412
06_0nm_00run_100d.txt,PaCMAP,3,64,64,10,0,9712,11,774,0.3753611749997002,0.6741999739047522,5,0,0.2216450810401572,-0.3189544750938076,0.2505123567717811
06_0nm_00run_100d.txt,PaCMAP,3,128,64,10,0,9712,13,1528,0.4307329756513235,0.6404090535752108,5,0,0.2216450810401572,-0.3189544750938076,0.2505123567717811
06_0nm_00run_100d.txt,PaCMAP,3,128,96,10,0,9712,10,975,0.3692622573008531,0.5898784261892537,5,0,0.1831539303485726,-0.0186989532326572,0.3350918267072906
06_0nm_00run_100d.txt,PaCMAP,3,128,128,10,0,9712,10,1268,0.3521093809840577,0.5795147534895213,7,33,0.324088519707615,-0.2489504520255858,0.0429550575139748
06_0nm_00run_100d.txt,PaCMAP,3,256,128,10,0,9712,9,1423,0.3475062315832934,0.5734234770566002,7,33,0.324088519707615,-0.2489504520255858,0.0429550575139748
06_0nm_00run_100d.txt,PaCMAP,3,256,192,10,0,9712,6,2138,0.3131087390133359,0.5164446386314859,6,80,0.2824893629233084,-0.2481832408718307,0.3492285737799925
06_0nm_00run_100d.txt,PaCMAP,3,256,256,10,0,9712,5,1373,0.2751826708816484,0.6656949800969479,7,96,0.3768527559106932,-0.2889280728360519,0.1543058151973486
04_0nm_03run_10d.txt,tSNE,2,4,2,0,0,6696,531,1775,0.0314171191226773,0.3034677477013919,555,697,0.0841441464577137,0.1611679237048596,0.3733490580423321
04_0nm_03run_10d.txt,tSNE,2,4,3,0,0,6696,341,1921,0.1140062321957697,0.2990180961306163,415,850,0.2115876291026253,0.1891080360456063,0.420305486650953
04_0nm_03run_10d.txt,tSNE,2,4,4,0,0,6696,90,751,0.377995353735803,0.4588553924193222,223,567,0.4912714387436676,0.1463360875090357,0.5002247745467104
04_0nm_03run_10d.txt,tSNE,2,8,4,0,0,6696,34,340,0.4753999351572835,0.4932018831401226,132,340,0.5333863650881536,0.0582103870703948,0.4630400884861602
04_0nm_03run_10d.txt,tSNE,2,8,6,0,0,6696,30,657,0.6120827628231,0.4027387374175942,61,150,0.7003999456020796,-0.0370259577592043,0.3957885194410023
04_0nm_03run_10d.txt,tSNE,2,8,8,0,0,6696,21,384,0.6532912316621406,0.3812822949041599,41,84,0.717142185223042,-0.1201765878673681,0.4024365968909082
04_0nm_03run_10d.txt,tSNE,2,16,8,0,0,6696,22,436,0.6430226272255012,0.4045264849985194,28,22,0.728277428394412,-0.1422540516076963,0.404360818114604
04_0nm_03run_10d.txt,tSNE,2,16,12,0,0,6696,16,258,0.6687004383507323,0.362850011446678,19,1,0.7163997661028597,-0.1591359562872338,0.3979652900422463
04_0nm_03run_10d.txt,tSNE,2,16,16,0,0,6696,18,710,0.6274472755162561,0.6061683482828519,18,0,0.7036124801609474,-0.256582702345487,0.3343748382607643
04_0nm_03run_10d.txt,tSNE,2,32,16,0,0,6696,16,645,0.6405758423582806,0.6033153884572278,18,0,0.7036124801609474,-0.256582702345487,0.3343748382607643
04_0nm_03run_10d.txt,tSNE,2,32,24,0,0,6696,14,404,0.6674139623688754,0.1834033159544507,18,19,0.7596936487266108,-0.0875273045193637,0.4400007522261733
04_0nm_03run_10d.txt,tSNE,2,32,32,0,0,6696,17,796,0.695047138607428,0.2835216757676274,15,0,0.7031761075602873,0.0916103145214282,0.487857172503661
04_0nm_03run_10d.txt,tSNE,2,64,32,0,0,6696,15,624,0.6973867114575502,0.3191007131418448,15,0,0.7031761075602873,0.0916103145214282,0.487857172503661
04_0nm_03run_10d.txt,tSNE,2,64,48,0,0,6696,11,347,0.6568470161821026,0.3405012528407783,15,1,0.7031671614973386,0.0916152460872198,0.4877630381246325
04_0nm_03run_10d.txt,tSNE,2,64,64,0,0,6696,13,581,0.6277567756986088,0.4556502616832609,17,74,0.7337237900899538,-0.0610743190468258,0.4129108340810222
04_0nm_03run_10d.txt,tSNE,2,128,64,0,0,6696,12,517,0.6248393685252498,0.4069408395410261,16,54,0.7238446186046023,-0.0978401476211375,0.3696035274549339
04_0nm_03run_10d.txt,tSNE,2,128,96,0,0,6696,11,526,0.6330830132903309,0.4688119164035326,13,642,0.6682657301168476,0.4315190302492882,0.4840290153790358
04_0nm_03run_10d.txt,tSNE,2,128,128,0,0,6696,11,876,0.5982574790429677,0.5509175210022262,13,1155,0.4015012115357123,0.0480659812285048,0.4403965810325202
04_0nm_03run_10d.txt,tSNE,2,256,128,0,0,6696,8,422,0.5786057311710496,0.5390036405177108,8,1123,0.4036413238357255,-0.23817602624784,0.3347091402899623
04_0nm_03run_10d.txt,tSNE,2,256,192,0,0,6696,7,601,0.4889607789402578,0.5930077989256666,6,2265,0.2073093122081607,-0.3280521046058007,0.049001664832548
04_0nm_03run_10d.txt,tSNE,2,256,256,0,0,6696,7,1097,0.4873588525456392,0.5732496527470157,2,1465,0.0408600812618937,-0.4860078037707004,0.1325033578882284
04_0nm_03run_10d.txt,tSNE,3,4,2,0,0,6696,531,1775,0.0314171191226773,0.3034677477013919,559,784,0.1706133011750201,0.2123606664667078,0.3949222782188877
04_0nm_03run_10d.txt,tSNE,3,4,3,0,0,6696,341,1921,0.1140062321957697,0.2990180961306163,482,1057,0.1589966841395348,0.2374851916755312,0.4158515596640266
04_0nm_03run_10d.txt,tSNE,3,4,4,0,0,6696,90,751,0.377995353735803,0.4588553924193222,295,992,0.3736094911766637,0.2832584540369871,0.4584325890730809
04_0nm_03run_10d.txt,tSNE,3,8,4,0,0,6696,34,340,0.4753999351572835,0.4932018831401226,171,714,0.4616853132835728,0.263798364268156,0.4556135409141141
04_0nm_03run_10d.txt,tSNE,3,8,6,0,0,6696,30,657,0.6120827628231,0.4027387374175942,10,0,0.5372841323941228,0.4520930173901375,0.4163694019308501
04_0nm_03run_10d.txt,tSNE,3,8,8,0,0,6696,21,384,0.6532912316621406,0.3812822949041599,10,0,0.5372841323941228,0.4520930173901375,0.4163694019308501
04_0nm_03run_10d.txt,tSNE,3,16,8,0,0,6696,22,436,0.6430226272255012,0.4045264849985194,10,0,0.5372841323941228,0.4520930173901375,0.4163694019308501
04_0nm_03run_10d.txt,tSNE,3,16,12,0,0,6696,16,258,0.6687004383507323,0.362850011446678,9,0,0.559723313827699,0.5280149319789154,0.4660658440090122
04_0nm_03run_10d.txt,tSNE,3,16,16,0,0,6696,18,710,0.6274472755162561,0.6061683482828519,10,0,0.5517028923273275,0.4022132880041014,0.3703945409819372
04_0nm_03run_10d.txt,tSNE,3,32,16,0,0,6696,16,645,0.6405758423582806,0.6033153884572278,10,0,0.5517028923273275,0.4022132880041014,0.3703945409819372
04_0nm_03run_10d.txt,tSNE,3,32,24,0,0,6696,14,404,0.6674139623688754,0.1834033159544507,9,0,0.559723313827699,0.5280149319789154,0.4660658440090122
04_0nm_03run_10d.txt,tSNE,3,32,32,0,0,6696,17,796,0.695047138607428,0.2835216757676274,9,0,0.559723313827699,0.5280149319789154,0.4660658440090122
04_0nm_03run_10d.txt,tSNE,3,64,32,0,0,6696,15,624,0.6973867114575502,0.3191007131418448,9,0,0.559723313827699,0.5280149319789154,0.4660658440090122
04_0nm_03run_10d.txt,tSNE,3,64,48,0,0,6696,11,347,0.6568470161821026,0.3405012528407783,9,3,0.5594605832046176,0.5516051374063877,0.4658774583713625
04_0nm_03run_10d.txt,tSNE,3,64,64,0,0,6696,13,581,0.6277567756986088,0.4556502616832609,12,295,0.7479076169455267,0.372169363492199,0.378452647527369
04_0nm_03run_10d.txt,tSNE,3,128,64,0,0,6696,12,517,0.6248393685252498,0.4069408395410261,11,263,0.7405000011804529,0.3510816896860457,0.356396423289706
04_0nm_03run_10d.txt,tSNE,3,128,96,0,0,6696,11,526,0.6330830132903309,0.4688119164035326,11,1035,0.6107054272739513,0.5523232392687052,0.4622544915384532
04_0nm_03run_10d.txt,tSNE,3,128,128,0,0,6696,11,876,0.5982574790429677,0.5509175210022262,9,2159,0.3582820245727424,0.0118478266226264,0.2682132426322408
04_0nm_03run_10d.txt,tSNE,3,256,128,0,0,6696,8,422,0.5786057311710496,0.5390036405177108,9,2159,0.3582820245727424,0.0118478266226264,0.2682132426322408
04_0nm_03run_10d.txt,tSNE,3,256,192,0,0,6696,7,601,0.4889607789402578,0.5930077989256666,2,2812,0.0756915708555616,-0.438916361511239,0.0690515850465323
04_0nm_03run_10d.txt,tSNE,3,256,256,0,0,6696,7,1097,0.4873588525456392,0.5732496527470157,2,5975,0.0084682120598613,-0.076270657000238,-0.0116838107295039
04_0nm_03run_10d.txt,UMAP,2,4,2,0,0,6696,531,1775,0.0314171191226773,0.3034677477013919,675,727,0.0313213534757162,0.0819806842707403,0.5153476229520484
04_0nm_03run_10d.txt,UMAP,2,4,3,0,0,6696,341,1921,0.1140062321957697,0.2990180961306163,573,882,0.0354415370093002,0.0860153855962572,0.527588416527387
04_0nm_03run_10d.txt,UMAP,2,4,4,0,0,6696,90,751,0.377995353735803,0.4588553924193222,463,896,0.0422732394367146,0.0700230470031865,0.5368970893258691
04_0nm_03run_10d.txt,UMAP,2,8,4,0,0,6696,34,340,0.4753999351572835,0.4932018831401226,317,625,0.0740110754721737,0.010155932587358,0.4888640003353634
04_0nm_03run_10d.txt,UMAP,2,8,6,0,0,6696,30,657,0.6120827628231,0.4027387374175942,265,661,0.2065496517289478,-0.0474129777606131,0.4907558652954245
04_0nm_03run_10d.txt,UMAP,2,8,8,0,0,6696,21,384,0.6532912316621406,0.3812822949041599,243,846,0.1963915222471211,-0.0305770175420652,0.4999493185372434
04_0nm_03run_10d.txt,UMAP,2,16,8,0,0,6696,22,436,0.6430226272255012,0.4045264849985194,130,484,0.3435808630913026,-0.1274285994906596,0.4057918339586022
04_0nm_03run_10d.txt,UMAP,2,16,12,0,0,6696,16,258,0.6687004383507323,0.362850011446678,68,353,0.7084415488969229,0.0201643564144431,0.5574967781923468
04_0nm_03run_10d.txt,UMAP,2,16,16,0,0,6696,18,710,0.6274472755162561,0.6061683482828519,32,73,0.6980534855321775,0.0214498722901455,0.6091772107498971
04_0nm_03run_10d.txt,UMAP,2,32,16,0,0,6696,16,645,0.6405758423582806,0.6033153884572278,18,25,0.7133078069011339,0.0263391475847779,0.6081500460477685
04_0nm_03run_10d.txt,UMAP,2,32,24,0,0,6696,14,404,0.6674139623688754,0.1834033159544507,17,14,0.7175534037517587,0.0414259261226669,0.608306014895938
04_0nm_03run_10d.txt,UMAP,2,32,32,0,0,6696,17,796,0.695047138607428,0.2835216757676274,18,23,0.7430252405586508,0.057390916521656,0.4963453899855546
04_0nm_03run_10d.txt,UMAP,2,64,32,0,0,6696,15,624,0.6973867114575502,0.3191007131418448,18,23,0.7430252405586508,0.057390916521656,0.4963453899855546
04_0nm_03run_10d.txt,UMAP,2,64,48,0,0,6696,11,347,0.6568470161821026,0.3405012528407783,14,40,0.7593715421044406,-0.0440030290405326,0.600526996366484
04_0nm_03run_10d.txt,UMAP,2,64,64,0,0,6696,13,581,0.6277567756986088,0.4556502616832609,13,40,0.7784237997623787,0.074702846711115,0.6871421572226087
04_0nm_03run_10d.txt,UMAP,2,128,64,0,0,6696,12,517,0.6248393685252498,0.4069408395410261,12,24,0.7655527868565173,0.0460395335191235,0.6722389373909629
04_0nm_03run_10d.txt,UMAP,2,128,96,0,0,6696,11,526,0.6330830132903309,0.4688119164035326,14,129,0.7497819936596989,0.0757025155065366,0.6386613192563001
04_0nm_03run_10d.txt,UMAP,2,128,128,0,0,6696,11,876,0.5982574790429677,0.5509175210022262,12,412,0.7973757440487467,0.3445735639894571,0.6784133223010753
04_0nm_03run_10d.txt,UMAP,2,256,128,0,0,6696,8,422,0.5786057311710496,0.5390036405177108,9,0,0.559723313827699,0.5280149319789154,0.657329346098283
04_0nm_03run_10d.txt,UMAP,2,256,192,0,0,6696,7,601,0.4889607789402578,0.5930077989256666,10,541,0.7037863256486692,0.3884678738471597,0.5706620913592384
04_0nm_03run_10d.txt,UMAP,2,256,256,0,0,6696,7,1097,0.4873588525456392,0.5732496527470157,9,1325,0.5470151509427666,0.4715400551388045,0.5619065356458868
04_0nm_03run_10d.txt,UMAP,3,4,2,0,0,6696,531,1775,0.0314171191226773,0.3034677477013919,645,674,0.0368629041226997,0.0794888046260709,0.5069341332242735
04_0nm_03run_10d.txt,UMAP,3,4,3,0,0,6696,341,1921,0.1140062321957697,0.2990180961306163,558,826,0.0402676786813653,0.0865149926621573,0.5242115707504768
04_0nm_03run_10d.txt,UMAP,3,4,4,0,0,6696,90,751,0.377995353735803,0.4588553924193222,459,858,0.048227214809711,0.0850047053885013,0.5538535102023058
04_0nm_03run_10d.txt,UMAP,3,8,4,0,0,6696,34,340,0.4753999351572835,0.4932018831401226,310,611,0.0764883118571494,0.0151128637407645,0.5079479283007875
04_0nm_03run_10d.txt,UMAP,3,8,6,0,0,6696,30,657,0.6120827628231,0.4027387374175942,295,886,0.0691945530634926,0.0554028823571478,0.5427404026054999
04_0nm_03run_10d.txt,UMAP,3,8,8,0,0,6696,21,384,0.6532912316621406,0.3812822949041599,231,882,0.238622502154162,0.0436364810754622,0.488028045365972
04_0nm_03run_10d.txt,UMAP,3,16,8,0,0,6696,22,436,0.6430226272255012,0.4045264849985194,122,508,0.3880522266481918,-0.1710179506365349,0.4013259012526843
04_0nm_03run_10d.txt,UMAP,3,16,12,0,0,6696,16,258,0.6687004383507323,0.362850011446678,55,229,0.6741345414316194,0.1233673895526858,0.6898805763171688
04_0nm_03run_10d.txt,UMAP,3,16,16,0,0,6696,18,710,0.6274472755162561,0.6061683482828519,43,298,0.7027734085596276,0.1478501534147452,0.7448868931916842
04_0nm_03run_10d.txt,UMAP,3,32,16,0,0,6696,16,645,0.6405758423582806,0.6033153884572278,26,120,0.7261727097971521,0.1128920488710933,0.731909194858568
04_0nm_03run_10d.txt,UMAP,3,32,24,0,0,6696,14,404,0.6674139623688754,0.1834033159544507,17,22,0.6625126433811059,-0.0827977674829877,0.6230358675187935
04_0nm_03run_10d.txt,UMAP,3,32,32,0,0,6696,17,796,0.695047138607428,0.2835216757676274,16,0,0.6676076649896515,-0.0092873246982828,0.6301225753874893
04_0nm_03run_10d.txt,UMAP,3,64,32,0,0,6696,15,624,0.6973867114575502,0.3191007131418448,16,0,0.6676076649896515,-0.0092873246982828,0.6301225753874893
04_0nm_03run_10d.txt,UMAP,3,64,48,0,0,6696,11,347,0.6568470161821026,0.3405012528407783,15,21,0.6756354194847509,0.0500270894849135,0.6915238118328009
04_0nm_03run_10d.txt,UMAP,3,64,64,0,0,6696,13,581,0.6277567756986088,0.4556502616832609,13,27,0.6731592974926585,0.0295054309958709,0.8287125899781455
04_0nm_03run_10d.txt,UMAP,3,128,64,0,0,6696,12,517,0.6248393685252498,0.4069408395410261,11,0,0.7078538099162085,0.0306930257650876,0.8062190650485233
04_0nm_03run_10d.txt,UMAP,3,128,96,0,0,6696,11,526,0.6330830132903309,0.4688119164035326,12,122,0.7929423653239426,0.181462745331253,0.7220042760584905
04_0nm_03run_10d.txt,UMAP,3,128,128,0,0,6696,11,876,0.5982574790429677,0.5509175210022262,11,0,0.7527240720301458,0.1267174824410088,0.4583064044844753
04_0nm_03run_10d.txt,UMAP,3,256,128,0,0,6696,8,422,0.5786057311710496,0.5390036405177108,11,0,0.7527240720301458,0.1267174824410088,0.4583064044844753
04_0nm_03run_10d.txt,UMAP,3,256,192,0,0,6696,7,601,0.4889607789402578,0.5930077989256666,10,101,0.6972281374999536,0.2264744146219951,0.7949739085605406
04_0nm_03run_10d.txt,UMAP,3,256,256,0,0,6696,7,1097,0.4873588525456392,0.5732496527470157,9,590,0.6200314931649318,0.3322216740414939,0.6990980920768682
04_0nm_03run_10d.txt,TriMap,2,4,2,0,0,6696,531,1775,0.0314171191226773,0.3034677477013919,594,884,0.0352556108414662,0.0004002705189112,0.4145408265336859
04_0nm_03run_10d.txt,TriMap,2,4,3,0,0,6696,341,1921,0.1140062321957697,0.2990180961306163,544,1240,0.0331661836222746,0.0649593657319283,0.4384880791417886
04_0nm_03run_10d.txt,TriMap,2,4,4,0,0,6696,90,751,0.377995353735803,0.4588553924193222,397,1277,0.0402789796937407,0.0493827449811953,0.4514388490058805
04_0nm_03run_10d.txt,TriMap,2,8,4,0,0,6696,34,340,0.4753999351572835,0.4932018831401226,264,831,0.1771923542863956,0.0483589007027449,0.4049933232565625
04_0nm_03run_10d.txt,TriMap,2,8,6,0,0,6696,30,657,0.6120827628231,0.4027387374175942,254,1238,0.140316409732599,0.0892246136605123,0.4766475902419961
04_0nm_03run_10d.txt,TriMap,2,8,8,0,0,6696,21,384,0.6532912316621406,0.3812822949041599,200,1304,0.1994060408872115,0.1052860235636948,0.4494695517072153
04_0nm_03run_10d.txt,TriMap,2,16,8,0,0,6696,22,436,0.6430226272255012,0.4045264849985194,91,740,0.4426687045277451,0.2279093242837918,0.4228309219324563
04_0nm_03run_10d.txt,TriMap,2,16,12,0,0,6696,16,258,0.6687004383507323,0.362850011446678,78,837,0.5068848188267875,0.2669843925473252,0.4749641412197915
04_0nm_03run_10d.txt,TriMap,2,16,16,0,0,6696,18,710,0.6274472755162561,0.6061683482828519,57,817,0.5333294908920806,0.2620201177183047,0.4447150865404757
04_0nm_03run_10d.txt,TriMap,2,32,16,0,0,6696,16,645,0.6405758423582806,0.6033153884572278,14,29,0.7057548810416465,0.1252933097654212,0.4110506496227368
04_0nm_03run_10d.txt,TriMap,2,32,24,0,0,6696,14,404,0.6674139623688754,0.1834033159544507,24,404,0.7059849756529927,0.1316680317467218,0.2804895668703689
04_0nm_03run_10d.txt,TriMap,2,32,32,0,0,6696,17,796,0.695047138607428,0.2835216757676274,15,166,0.7186511090374659,0.2728204649637528,0.4928722648765059
04_0nm_03run_10d.txt,TriMap,2,64,32,0,0,6696,15,624,0.6973867114575502,0.3191007131418448,16,189,0.6962228260743196,0.1466311888212251,0.4500558658900486
04_0nm_03run_10d.txt,TriMap,2,64,48,0,0,6696,11,347,0.6568470161821026,0.3405012528407783,15,318,0.7272628170650524,0.2555058621025008,0.4954642664860684
04_0nm_03run_10d.txt,TriMap,2,64,64,0,0,6696,13,581,0.6277567756986088,0.4556502616832609,15,220,0.6586136651490806,0.188920074065178,0.4300199672346051
04_0nm_03run_10d.txt,TriMap,2,128,64,0,0,6696,12,517,0.6248393685252498,0.4069408395410261,13,364,0.6511571353440261,0.2717727910664884,0.4644167019338433
04_0nm_03run_10d.txt,TriMap,2,128,96,0,0,6696,11,526,0.6330830132903309,0.4688119164035326,5,38,0.3443914532711198,0.5300229257334753,0.5239427844970839
04_0nm_03run_10d.txt,TriMap,2,128,128,0,0,6696,11,876,0.5982574790429677,0.5509175210022262,9,1019,0.6218832299552164,0.3076897080280333,0.3495297842974679
04_0nm_03run_10d.txt,TriMap,2,256,128,0,0,6696,8,422,0.5786057311710496,0.5390036405177108,7,345,0.417277047308387,0.2148060493423634,0.3039235062271311
04_0nm_03run_10d.txt,TriMap,2,256,192,0,0,6696,7,601,0.4889607789402578,0.5930077989256666,7,483,0.3877664537633863,0.3748884062732257,0.4661396160990854
04_0nm_03run_10d.txt,TriMap,2,256,256,0,0,6696,7,1097,0.4873588525456392,0.5732496527470157,5,620,0.3126220794824851,0.2371761332659774,0.5399113629130012
04_0nm_03run_10d.txt,TriMap,3,4,2,0,0,6696,531,1775,0.0314171191226773,0.3034677477013919,581,951,0.0363652784944831,0.0630611184129916,0.4202659588286012
04_0nm_03run_10d.txt,TriMap,3,4,3,0,0,6696,341,1921,0.1140062321957697,0.2990180961306163,504,1212,0.037036168928537,0.0867453767081827,0.4501502204106329
04_0nm_03run_10d.txt,TriMap,3,4,4,0,0,6696,90,751,0.377995353735803,0.4588553924193222,374,1169,0.1165171880641291,0.0609988421398855,0.3997998374186174
04_0nm_03run_10d.txt,TriMap,3,8,4,0,0,6696,34,340,0.4753999351572835,0.4932018831401226,295,1055,0.0606850817594165,0.0571871614785663,0.4111798078362694
04_0nm_03run_10d.txt,TriMap,3,8,6,0,0,6696,30,657,0.6120827628231,0.4027387374175942,207,940,0.3459023822347883,0.1233545487954434,0.5396954647553024
04_0nm_03run_10d.txt,TriMap,3,8,8,0,0,6696,21,384,0.6532912316621406,0.3812822949041599,158,907,0.4071095304535032,0.1916460296319661,0.5724587508919315
04_0nm_03run_10d.txt,TriMap,3,16,8,0,0,6696,22,436,0.6430226272255012,0.4045264849985194,81,642,0.5426197934423996,0.1184353915465249,0.5239002515006268
04_0nm_03run_10d.txt,TriMap,3,16,12,0,0,6696,16,258,0.6687004383507323,0.362850011446678,31,176,0.4741696246470599,0.4621072316721388,0.726438894366639
04_0nm_03run_10d.txt,TriMap,3,16,16,0,0,6696,18,710,0.6274472755162561,0.6061683482828519,52,665,0.606191581759723,0.1647080490421394,0.4302197044663404
04_0nm_03run_10d.txt,TriMap,3,32,16,0,0,6696,16,645,0.6405758423582806,0.6033153884572278,21,135,0.7935292668971703,0.1062442554588116,0.4239126125297905
04_0nm_03run_10d.txt,TriMap,3,32,24,0,0,6696,14,404,0.6674139623688754,0.1834033159544507,20,249,0.7342419471339066,0.3098484012342049,0.6515668446054593
04_0nm_03run_10d.txt,TriMap,3,32,32,0,0,6696,17,796,0.695047138607428,0.2835216757676274,19,226,0.7700407119230479,0.2092775684419247,0.4694809504786673
04_0nm_03run_10d.txt,TriMap,3,64,32,0,0,6696,15,624,0.6973867114575502,0.3191007131418448,18,170,0.7348058530210976,0.30677008614583,0.5359279458136459
04_0nm_03run_10d.txt,TriMap,3,64,48,0,0,6696,11,347,0.6568470161821026,0.3405012528407783,14,86,0.6859833682465094,0.23479701472907,0.3741830419701559
04_0nm_03run_10d.txt,TriMap,3,64,64,0,0,6696,13,581,0.6277567756986088,0.4556502616832609,13,257,0.6907337473071277,0.3543672259209511,0.6075698019834547
04_0nm_03run_10d.txt,TriMap,3,128,64,0,0,6696,12,517,0.6248393685252498,0.4069408395410261,12,167,0.6739174900669477,0.1533768162827499,0.1974942168332522
04_0nm_03run_10d.txt,TriMap,3,128,96,0,0,6696,11,526,0.6330830132903309,0.4688119164035326,11,384,0.6522966145025336,0.4214003140216812,0.6304444955614211
04_0nm_03run_10d.txt,TriMap,3,128,128,0,0,6696,11,876,0.5982574790429677,0.5509175210022262,10,394,0.6191750789916115,0.545751563142931,0.6453546063375174
04_0nm_03run_10d.txt,TriMap,3,256,128,0,0,6696,8,422,0.5786057311710496,0.5390036405177108,9,752,0.6456493393001742,0.511816114031025,0.6398393304316312
04_0nm_03run_10d.txt,TriMap,3,256,192,0,0,6696,7,601,0.4889607789402578,0.5930077989256666,7,489,0.3923059328302651,0.5703829468234544,0.6548062617902973
04_0nm_03run_10d.txt,TriMap,3,256,256,0,0,6696,7,1097,0.4873588525456392,0.5732496527470157,7,551,0.3901518790308449,0.5717245042006837,0.6291098504874809
04_0nm_03run_10d.txt,PaCMAP,2,4,2,10,0,6696,531,1775,0.0314171191226773,0.3034677477013919,626,1011,0.0299359862261746,0.0094444026388697,0.4325107861203686
04_0nm_03run_10d.txt,PaCMAP,2,4,3,10,0,6696,341,1921,0.1140062321957697,0.2990180961306163,520,1097,0.0391731114527464,0.033091883352326,0.4639374444056712
04_0nm_03run_10d.txt,PaCMAP,2,4,4,10,0,6696,90,751,0.377995353735803,0.4588553924193222,427,1278,0.0384601405131032,0.0512288363340239,0.4746028628777415
04_0nm_03run_10d.txt,PaCMAP,2,8,4,10,0,6696,34,340,0.4753999351572835,0.4932018831401226,299,1065,0.0607053510759794,0.0138419703017377,0.4516493029787269
04_0nm_03run_10d.txt,PaCMAP,2,8,6,10,0,6696,30,657,0.6120827628231,0.4027387374175942,273,1258,0.0571958994560064,0.0633643642004472,0.4750193564001453
04_0nm_03run_10d.txt,PaCMAP,2,8,8,10,0,6696,21,384,0.6532912316621406,0.3812822949041599,221,1320,0.1170334215354987,0.0922712710713701,0.4979021685901803
04_0nm_03run_10d.txt,PaCMAP,2,16,8,10,0,6696,22,436,0.6430226272255012,0.4045264849985194,79,451,0.4692111227498534,-0.0337701238555293,0.5329534470258076
04_0nm_03run_10d.txt,PaCMAP,2,16,12,10,0,6696,16,258,0.6687004383507323,0.362850011446678,65,511,0.4726905096565133,0.1157602384922007,0.5587160323025999
04_0nm_03run_10d.txt,PaCMAP,2,16,16,10,0,6696,18,710,0.6274472755162561,0.6061683482828519,33,212,0.5911099047164718,0.0668868206253077,0.5676027405722939
04_0nm_03run_10d.txt,PaCMAP,2,32,16,10,0,6696,16,645,0.6405758423582806,0.6033153884572278,14,0,0.6940352640315464,0.1034412970532702,0.6427632234688317
04_0nm_03run_10d.txt,PaCMAP,2,32,24,10,0,6696,14,404,0.6674139623688754,0.1834033159544507,14,0,0.6940352640315464,0.1034412970532701,0.6427632234688317
04_0nm_03run_10d.txt,PaCMAP,2,32,32,10,0,6696,17,796,0.695047138607428,0.2835216757676274,14,11,0.6931203297960042,0.1193151217546736,0.6454624489424845
04_0nm_03run_10d.txt,PaCMAP,2,64,32,10,0,6696,15,624,0.6973867114575502,0.3191007131418448,14,11,0.6931203297960042,0.1193151217546736,0.6454624489424845
04_0nm_03run_10d.txt,PaCMAP,2,64,48,10,0,6696,11,347,0.6568470161821026,0.3405012528407783,15,26,0.7828112843723182,0.1511541772059421,0.4360473811915273
04_0nm_03run_10d.txt,PaCMAP,2,64,64,10,0,6696,13,581,0.6277567756986088,0.4556502616832609,14,20,0.714174641392826,-0.0086206082281197,0.544288404896051
04_0nm_03run_10d.txt,PaCMAP,2,128,64,10,0,6696,12,517,0.6248393685252498,0.4069408395410261,13,20,0.7194047619638224,-0.0466931862329069,0.515808353454649
04_0nm_03run_10d.txt,PaCMAP,2,128,96,10,0,6696,11,526,0.6330830132903309,0.4688119164035326,13,123,0.7316741427056315,0.2687604335095688,0.4871573460891174
04_0nm_03run_10d.txt,PaCMAP,2,128,128,10,0,6696,11,876,0.5982574790429677,0.5509175210022262,12,254,0.7134822683390546,0.3120663894393629,0.4055974150919678
04_0nm_03run_10d.txt,PaCMAP,2,256,128,10,0,6696,8,422,0.5786057311710496,0.5390036405177108,10,182,0.6729880052116847,0.089946766439655,0.2703127705125032
04_0nm_03run_10d.txt,PaCMAP,2,256,192,10,0,6696,7,601,0.4889607789402578,0.5930077989256666,9,621,0.6531441872601761,0.3744018392266617,0.4498972192176162
04_0nm_03run_10d.txt,PaCMAP,2,256,256,10,0,6696,7,1097,0.4873588525456392,0.5732496527470157,9,1430,0.5385556206800801,0.311996032466621,0.4029400906275945
04_0nm_03run_10d.txt,PaCMAP,3,4,2,10,0,6696,531,1775,0.0314171191226773,0.3034677477013919,633,1050,0.0304620467053506,0.0107610530434527,0.4443710289647267
04_0nm_03run_10d.txt,PaCMAP,3,4,3,10,0,6696,341,1921,0.1140062321957697,0.2990180961306163,521,1137,0.0354738653399749,0.0307764683802278,0.4590737551567622
04_0nm_03run_10d.txt,PaCMAP,3,4,4,10,0,6696,90,751,0.377995353735803,0.4588553924193222,421,1268,0.0357361950851627,0.0697904480248286,0.479345713693231
04_0nm_03run_10d.txt,PaCMAP,3,8,4,10,0,6696,34,340,0.4753999351572835,0.4932018831401226,304,1038,0.058433118736055,0.0350433460325599,0.4726881104271451
04_0nm_03run_10d.txt,PaCMAP,3,8,6,10,0,6696,30,657,0.6120827628231,0.4027387374175942,265,1215,0.0611346962373725,0.0731872964246574,0.4871965061102115
04_0nm_03run_10d.txt,PaCMAP,3,8,8,10,0,6696,21,384,0.6532912316621406,0.3812822949041599,214,1139,0.1621809756188111,0.070628047379935,0.4677779262569593
04_0nm_03run_10d.txt,PaCMAP,3,16,8,10,0,6696,22,436,0.6430226272255012,0.4045264849985194,105,787,0.3416988510983349,0.1102073836157474,0.5491978463172003
04_0nm_03run_10d.txt,PaCMAP,3,16,12,10,0,6696,16,258,0.6687004383507323,0.362850011446678,29,128,0.4767467001088917,0.5050554763609632,0.7334692554340522
04_0nm_03run_10d.txt,PaCMAP,3,16,16,10,0,6696,18,710,0.6274472755162561,0.6061683482828519,19,82,0.4916359037981482,0.4935355414677588,0.745469715446056
04_0nm_03run_10d.txt,PaCMAP,3,32,16,10,0,6696,16,645,0.6405758423582806,0.6033153884572278,13,0,0.5121890746352731,0.455093095522626,0.6748722990588063
04_0nm_03run_10d.txt,PaCMAP,3,32,24,10,0,6696,14,404,0.6674139623688754,0.1834033159544507,12,1,0.5273566323719202,0.4725575210244744,0.807499935043329
04_0nm_03run_10d.txt,PaCMAP,3,32,32,10,0,6696,17,796,0.695047138607428,0.2835216757676274,14,10,0.7759539003998879,0.1217105571468204,0.4465209762643474
04_0nm_03run_10d.txt,PaCMAP,3,64,32,10,0,6696,15,624,0.6973867114575502,0.3191007131418448,14,10,0.7759539003998879,0.1217105571468204,0.4465209762643474
04_0nm_03run_10d.txt,PaCMAP,3,64,48,10,0,6696,11,347,0.6568470161821026,0.3405012528407783,12,0,0.5960477194848971,0.1079400953427547,0.4619425627465189
04_0nm_03run_10d.txt,PaCMAP,3,64,64,10,0,6696,13,581,0.6277567756986088,0.4556502616832609,14,78,0.738579799783549,0.1926615405657107,0.5317192249407313
04_0nm_03run_10d.txt,PaCMAP,3,128,64,10,0,6696,12,517,0.6248393685252498,0.4069408395410261,12,0,0.7379336512466406,0.0487776847434987,0.3408296027126971
04_0nm_03run_10d.txt,PaCMAP,3,128,96,10,0,6696,11,526,0.6330830132903309,0.4688119164035326,12,66,0.7123553231432355,0.3652741689768166,0.6055869243640223
04_0nm_03run_10d.txt,PaCMAP,3,128,128,10,0,6696,11,876,0.5982574790429677,0.5509175210022262,11,28,0.6998589016340094,0.0755682261323088,0.451668743875474
04_0nm_03run_10d.txt,PaCMAP,3,256,128,10,0,6696,8,422,0.5786057311710496,0.5390036405177108,10,28,0.6847826146600905,-0.015677544088027,0.3641119877450088
04_0nm_03run_10d.txt,PaCMAP,3,256,192,10,0,6696,7,601,0.4889607789402578,0.5930077989256666,11,367,0.7282255123639427,0.1511647402560515,0.3773692833756021
04_0nm_03run_10d.txt,PaCMAP,3,256,256,10,0,6696,7,1097,0.4873588525456392,0.5732496527470157,10,632,0.702305442201652,0.5476269142979409,0.7413877705897397
03_0nm_02run_10d.txt,tSNE,2,4,2,0,0,4916,356,1227,0.0958084093851275,0.2765879827336703,423,589,0.0469029242883112,0.2108134125850667,0.3529499938108684
03_0nm_02run_10d.txt,tSNE,2,4,3,0,0,4916,212,1236,0.2446163241878805,0.3658682678069211,278,589,0.2183246290678998,0.2232902230134384,0.3526387118438054
03_0nm_02run_10d.txt,tSNE,2,4,4,0,0,4916,147,1335,0.268691757442972,0.3547723037382227,158,434,0.388025590997182,0.0099271767124487,0.3624541048803916
03_0nm_02run_10d.txt,tSNE,2,8,4,0,0,4916,68,918,0.5505405581543515,0.3573590396351771,99,256,0.4526884622943102,-0.082960788827882,0.3552919951306058
03_0nm_02run_10d.txt,tSNE,2,8,6,0,0,4916,57,1158,0.4372064717653834,0.340183195987929,58,202,0.6166634480383388,-0.0839773862793184,0.4936435589814043
03_0nm_02run_10d.txt,tSNE,2,8,8,0,0,4916,32,896,0.5710896313764732,0.3105360240052269,34,159,0.7253995841150214,-0.0152395523661472,0.5085653630284819
03_0nm_02run_10d.txt,tSNE,2,16,8,0,0,4916,23,798,0.5751239806076784,0.343826935862722,14,16,0.7445130203648092,-0.1780196406763026,0.4046544823645296
03_0nm_02run_10d.txt,tSNE,2,16,12,0,0,4916,19,878,0.5550116939984185,0.3448078041667834,13,2,0.759605058192697,-0.2825245846120572,0.2971554367562944
03_0nm_02run_10d.txt,tSNE,2,16,16,0,0,4916,14,486,0.5903602135569641,0.2652217188333497,11,2,0.7551498880610965,-0.1850657113323285,0.5030498199580238
03_0nm_02run_10d.txt,tSNE,2,32,16,0,0,4916,13,807,0.6437412212649802,0.2815602484577618,11,2,0.7551498880610965,-0.1850657113323285,0.5030498199580238
03_0nm_02run_10d.txt,tSNE,2,32,24,0,0,4916,16,1434,0.4172886875110777,0.4019668231107227,10,0,0.7851800937263923,-0.2071148712818881,0.5256009365625461
03_0nm_02run_10d.txt,tSNE,2,32,32,0,0,4916,16,1577,0.3878078841384593,0.4069087797883471,10,0,0.7851800937263923,-0.2071148712818881,0.5256009365625461
03_0nm_02run_10d.txt,tSNE,2,64,32,0,0,4916,11,681,0.6078196964486846,0.5076116851760949,11,17,0.7474999255479332,-0.3511521447455348,0.4728952393866829
03_0nm_02run_10d.txt,tSNE,2,64,48,0,0,4916,12,1089,0.5624101192378826,0.4617471478166675,10,0,0.7851800937263923,-0.2071148712818881,0.5256009365625461
03_0nm_02run_10d.txt,tSNE,2,64,64,0,0,4916,12,908,0.5325432484336187,0.4353543581145664,10,0,0.7851800937263923,-0.2071148712818881,0.5256009365625461
03_0nm_02run_10d.txt,tSNE,2,128,64,0,0,4916,11,769,0.5950694729683579,0.4333041447617657,10,0,0.7851800937263923,-0.2071148712818881,0.5256009365625461
03_0nm_02run_10d.txt,tSNE,2,128,96,0,0,4916,9,1158,0.5095836345803414,0.4512143560684781,10,192,0.7550122372937002,-0.0820916318969733,0.5240742063646041
03_0nm_02run_10d.txt,tSNE,2,128,128,0,0,4916,5,615,0.3038493183386692,0.374447972405457,10,409,0.7128342677758114,0.0182974025945542,0.5130288346816285
03_0nm_02run_10d.txt,tSNE,2,256,128,0,0,4916,4,328,0.2940928813978664,0.3684620970039411,9,387,0.6886462936679433,-0.1523074880367674,0.3950519654389047
03_0nm_02run_10d.txt,tSNE,2,256,192,0,0,4916,3,691,0.2610303620005064,0.3935860796512581,8,1811,0.3405455324657661,0.1109310625062514,0.362105513738114
03_0nm_02run_10d.txt,tSNE,2,256,256,0,0,4916,3,1151,0.2606532262548465,0.363129882701627,5,2567,0.1527554849016236,-0.1029672116518383,0.2209112921843428
03_0nm_02run_10d.txt,tSNE,3,4,2,0,0,4916,356,1227,0.0958084093851275,0.2765879827336703,406,621,0.1243804446675044,0.2704621882835831,0.3765947817205762
03_0nm_02run_10d.txt,tSNE,3,4,3,0,0,4916,212,1236,0.2446163241878805,0.3658682678069211,269,593,0.3354577239015562,0.1146713046105133,0.3046370310682128
03_0nm_02run_10d.txt,tSNE,3,4,4,0,0,4916,147,1335,0.268691757442972,0.3547723037382227,124,436,0.414080416531244,0.0787919095796635,0.3667820232502188
03_0nm_02run_10d.txt,tSNE,3,8,4,0,0,4916,68,918,0.5505405581543515,0.3573590396351771,68,266,0.4926425791554529,-0.0275007327080022,0.3794443103589014
03_0nm_02run_10d.txt,tSNE,3,8,6,0,0,4916,57,1158,0.4372064717653834,0.340183195987929,7,2,0.6262895178520028,-0.1740191921194292,0.3750801797855643
03_0nm_02run_10d.txt,tSNE,3,8,8,0,0,4916,32,896,0.5710896313764732,0.3105360240052269,7,2,0.6262895178520028,-0.1740191921194292,0.3750801797855643
03_0nm_02run_10d.txt,tSNE,3,16,8,0,0,4916,23,798,0.5751239806076784,0.343826935862722,7,2,0.6262895178520028,-0.1740191921194292,0.3750801797855643
03_0nm_02run_10d.txt,tSNE,3,16,12,0,0,4916,19,878,0.5550116939984185,0.3448078041667834,7,2,0.6262895178520028,-0.1740191921194292,0.3750801797855643
03_0nm_02run_10d.txt,tSNE,3,16,16,0,0,4916,14,486,0.5903602135569641,0.2652217188333497,7,2,0.6262895178520028,-0.1740191921194292,0.3750801797855643
03_0nm_02run_10d.txt,tSNE,3,32,16,0,0,4916,13,807,0.6437412212649802,0.2815602484577618,7,2,0.6262895178520028,-0.1740191921194292,0.3750801797855643
03_0nm_02run_10d.txt,tSNE,3,32,24,0,0,4916,16,1434,0.4172886875110777,0.4019668231107227,9,60,0.6545995071728826,-0.0070269285067194,0.3943490548771011
03_0nm_02run_10d.txt,tSNE,3,32,32,0,0,4916,16,1577,0.3878078841384593,0.4069087797883471,8,14,0.6831007927146568,-0.049356102550465,0.425023261169862
03_0nm_02run_10d.txt,tSNE,3,64,32,0,0,4916,11,681,0.6078196964486846,0.5076116851760949,8,14,0.6831007927146568,-0.049356102550465,0.425023261169862
03_0nm_02run_10d.txt,tSNE,3,64,48,0,0,4916,12,1089,0.5624101192378826,0.4617471478166675,8,27,0.6775202030333346,-0.1238311958448604,0.2658502417258408
03_0nm_02run_10d.txt,tSNE,3,64,64,0,0,4916,12,908,0.5325432484336187,0.4353543581145664,10,440,0.7531507584724557,0.0437084070538665,0.4832357258357072
03_0nm_02run_10d.txt,tSNE,3,128,64,0,0,4916,11,769,0.5950694729683579,0.4333041447617657,9,245,0.7666960258577076,-0.0670177662598465,0.2500564705541787
03_0nm_02run_10d.txt,tSNE,3,128,96,0,0,4916,9,1158,0.5095836345803414,0.4512143560684781,9,587,0.6833312904127081,0.1103981639685904,0.4521757929271821
03_0nm_02run_10d.txt,tSNE,3,128,128,0,0,4916,5,615,0.3038493183386692,0.374447972405457,9,1292,0.4783819205445443,0.1364051077897685,0.3666142015814947
03_0nm_02run_10d.txt,tSNE,3,256,128,0,0,4916,4,328,0.2940928813978664,0.3684620970039411,8,1423,0.4791082638254326,0.1147174851189029,0.3464838899815853
03_0nm_02run_10d.txt,tSNE,3,256,192,0,0,4916,3,691,0.2610303620005064,0.3935860796512581,4,3146,0.0865241360205854,-0.0149845787208149,0.1358288728810336
03_0nm_02run_10d.txt,tSNE,3,256,256,0,0,4916,3,1151,0.2606532262548465,0.363129882701627,2,3516,0.0358157692341596,-0.1329082157070585,0.092500226900963
03_0nm_02run_10d.txt,UMAP,2,4,2,0,0,4916,356,1227,0.0958084093851275,0.2765879827336703,481,507,0.0323005795197996,0.0661788829779215,0.5059616198488985
03_0nm_02run_10d.txt,UMAP,2,4,3,0,0,4916,212,1236,0.2446163241878805,0.3658682678069211,416,635,0.0344817247536073,0.0630378850215965,0.536411065360386
03_0nm_02run_10d.txt,UMAP,2,4,4,0,0,4916,147,1335,0.268691757442972,0.3547723037382227,331,623,0.0451346118691301,0.07187317396681,0.5536210370543638
03_0nm_02run_10d.txt,UMAP,2,8,4,0,0,4916,68,918,0.5505405581543515,0.3573590396351771,239,441,0.0684216226214203,0.0069331207394285,0.506635747097153
03_0nm_02run_10d.txt,UMAP,2,8,6,0,0,4916,57,1158,0.4372064717653834,0.340183195987929,222,616,0.0626915115096267,0.0184310054747345,0.544803752032237
03_0nm_02run_10d.txt,UMAP,2,8,8,0,0,4916,32,896,0.5710896313764732,0.3105360240052269,197,720,0.0625372177554894,0.0519833096950539,0.5400014621298352
03_0nm_02run_10d.txt,UMAP,2,16,8,0,0,4916,23,798,0.5751239806076784,0.343826935862722,97,280,0.2816126297378087,-0.0889802713285066,0.4802035246679104
03_0nm_02run_10d.txt,UMAP,2,16,12,0,0,4916,19,878,0.5550116939984185,0.3448078041667834,30,97,0.7191036437224944,-0.1956226086724747,0.7076803471611585
03_0nm_02run_10d.txt,UMAP,2,16,16,0,0,4916,14,486,0.5903602135569641,0.2652217188333497,16,44,0.7832193507840083,-0.2055123198903032,0.742290215111625
03_0nm_02run_10d.txt,UMAP,2,32,16,0,0,4916,13,807,0.6437412212649802,0.2815602484577618,9,0,0.8144043152755961,-0.1672436180313639,0.7613745105434374
03_0nm_02run_10d.txt,UMAP,2,32,24,0,0,4916,16,1434,0.4172886875110777,0.4019668231107227,9,0,0.8144043152755961,-0.1672436180313639,0.7613745105434373
03_0nm_02run_10d.txt,UMAP,2,128,96,0,0,4916,9,1158,0.5095836345803414,0.4512143560684781,9,17,0.8104206538493035,-0.1661047157080764,0.759340126329064
03_0nm_02run_10d.txt,UMAP,2,128,128,0,0,4916,5,615,0.3038493183386692,0.374447972405457,9,50,0.8031680564048409,-0.1470598186381925,0.758028162051426
03_0nm_02run_10d.txt,UMAP,2,256,128,0,0,4916,4,328,0.2940928813978664,0.3684620970039411,9,50,0.8031680564048409,-0.1470598186381925,0.758028162051426
03_0nm_02run_10d.txt,UMAP,3,8,4,0,0,4916,68,918,0.5505405581543515,0.3573590396351771,250,459,0.0621936115429492,0.0049473646882472,0.5310360529601245
03_0nm_02run_10d.txt,UMAP,3,8,6,0,0,4916,57,1158,0.4372064717653834,0.340183195987929,221,575,0.0652734776481153,0.0252225524458499,0.5182358666412478
03_0nm_02run_10d.txt,UMAP,3,8,8,0,0,4916,32,896,0.5710896313764732,0.3105360240052269,182,662,0.1460206463771768,0.081603898563282,0.5697953661769761
03_0nm_02run_10d.txt,UMAP,3,16,8,0,0,4916,23,798,0.5751239806076784,0.343826935862722,101,342,0.2835582755652941,-0.0999053455579112,0.5312491643965185
03_0nm_02run_10d.txt,UMAP,3,16,12,0,0,4916,19,878,0.5550116939984185,0.3448078041667834,77,484,0.4332642302086359,0.0949323159094505,0.6051600525236138
03_0nm_02run_10d.txt,UMAP,3,64,48,0,0,4916,12,1089,0.5624101192378826,0.4617471478166675,10,56,0.7823651248664926,-0.1561976128059556,0.7769833150168148
03_0nm_02run_10d.txt,UMAP,3,64,64,0,0,4916,12,908,0.5325432484336187,0.4353543581145664,10,70,0.7771516553936394,-0.1525447803941011,0.776821158269211
03_0nm_02run_10d.txt,UMAP,3,128,64,0,0,4916,11,769,0.5950694729683579,0.4333041447617657,8,0,0.7325005300217152,-0.279283616437127,0.804162478089381
03_0nm_02run_10d.txt,UMAP,3,128,96,0,0,4916,9,1158,0.5095836345803414,0.4512143560684781,8,6,0.7321840373342963,-0.2782570046762278,0.8034379342388933
03_0nm_02run_10d.txt,UMAP,3,128,128,0,0,4916,5,615,0.3038493183386692,0.374447972405457,8,0,0.7325005300217152,-0.279283616437127,0.804162478089381
03_0nm_02run_10d.txt,UMAP,3,256,128,0,0,4916,4,328,0.2940928813978664,0.3684620970039411,8,0,0.7325005300217152,-0.279283616437127,0.804162478089381
03_0nm_02run_10d.txt,UMAP,3,256,192,0,0,4916,3,691,0.2610303620005064,0.3935860796512581,7,0,0.625839166776455,-0.182158709047116,0.8004999574379299
03_0nm_02run_10d.txt,UMAP,3,256,256,0,0,4916,3,1151,0.2606532262548465,0.363129882701627,7,0,0.625839166776455,-0.182158709047116,0.8004999574379298
03_0nm_02run_10d.txt,TriMap,2,4,2,0,0,4916,356,1227,0.0958084093851275,0.2765879827336703,436,707,0.0342394896106991,0.0366518376283818,0.4108262968110691
03_0nm_02run_10d.txt,TriMap,2,4,3,0,0,4916,212,1236,0.2446163241878805,0.3658682678069211,369,882,0.0336661484543144,0.064192790416947,0.4219135833227893
03_0nm_02run_10d.txt,TriMap,2,4,4,0,0,4916,147,1335,0.268691757442972,0.3547723037382227,303,960,0.0382584323454343,0.0554272571645746,0.4343857214488852
03_0nm_02run_10d.txt,TriMap,2,8,4,0,0,4916,68,918,0.5505405581543515,0.3573590396351771,193,687,0.1147020838313082,0.0427184975199758,0.4131934131209417
03_0nm_02run_10d.txt,TriMap,2,8,6,0,0,4916,57,1158,0.4372064717653834,0.340183195987929,182,876,0.0703130591735953,0.0109360625747025,0.4359186391278529
03_0nm_02run_10d.txt,TriMap,2,8,8,0,0,4916,32,896,0.5710896313764732,0.3105360240052269,138,930,0.2623297655184158,-0.0102138566857182,0.3569928825934531
03_0nm_02run_10d.txt,TriMap,2,16,8,0,0,4916,23,798,0.5751239806076784,0.343826935862722,72,640,0.517921936786631,0.1042464738391201,0.4575263990899262
03_0nm_02run_10d.txt,TriMap,2,16,12,0,0,4916,19,878,0.5550116939984185,0.3448078041667834,51,540,0.5855073331244774,-0.0183301455183715,0.4045881835848862
03_0nm_02run_10d.txt,TriMap,2,16,16,0,0,4916,14,486,0.5903602135569641,0.2652217188333497,31,406,0.6823745587234276,0.0032591265752641,0.4039371137580023
03_0nm_02run_10d.txt,TriMap,2,32,16,0,0,4916,13,807,0.6437412212649802,0.2815602484577618,19,224,0.71987158668379,-0.0997669574630872,0.3468908780957343
03_0nm_02run_10d.txt,TriMap,2,32,24,0,0,4916,16,1434,0.4172886875110777,0.4019668231107227,21,368,0.6423754537290909,-0.0199308748450181,0.4172955165992522
03_0nm_02run_10d.txt,TriMap,2,32,32,0,0,4916,16,1577,0.3878078841384593,0.4069087797883471,9,43,0.548761911415976,-0.2777026567983688,0.2950010487515844
03_0nm_02run_10d.txt,TriMap,2,64,32,0,0,4916,11,681,0.6078196964486846,0.5076116851760949,13,299,0.7122446214512537,0.0047772160207984,0.5093252617214764
03_0nm_02run_10d.txt,TriMap,2,64,48,0,0,4916,12,1089,0.5624101192378826,0.4617471478166675,7,12,0.3486820241767202,-0.0386802595382753,0.1307300101142866
03_0nm_02run_10d.txt,TriMap,2,64,64,0,0,4916,12,908,0.5325432484336187,0.4353543581145664,9,229,0.5908364496303994,-0.0900910313213024,0.4884518554796432
03_0nm_02run_10d.txt,TriMap,2,128,64,0,0,4916,11,769,0.5950694729683579,0.4333041447617657,8,174,0.5545476248378368,-0.1269727454205549,0.2300741499962301
03_0nm_02run_10d.txt,TriMap,3,4,2,0,0,4916,356,1227,0.0958084093851275,0.2765879827336703,424,790,0.0335565862461492,0.0795676446513079,0.4223543403496614
03_0nm_02run_10d.txt,TriMap,3,4,3,0,0,4916,212,1236,0.2446163241878805,0.3658682678069211,349,899,0.0363319470175011,0.0838456091136213,0.4361610882730051
03_0nm_02run_10d.txt,TriMap,3,4,4,0,0,4916,147,1335,0.268691757442972,0.3547723037382227,301,1038,0.0348577317454989,0.1050937360171837,0.4489565642933648
03_0nm_02run_10d.txt,TriMap,3,8,4,0,0,4916,68,918,0.5505405581543515,0.3573590396351771,180,599,0.2769552937007396,0.0160404455235254,0.4493703714257218
03_0nm_02run_10d.txt,TriMap,3,8,6,0,0,4916,57,1158,0.4372064717653834,0.340183195987929,181,852,0.1485101937922765,0.0936402695635984,0.480795508287901
03_0nm_02run_10d.txt,TriMap,3,8,8,0,0,4916,32,896,0.5710896313764732,0.3105360240052269,116,771,0.3419990453579218,0.1226550615294066,0.482314128947803
03_0nm_02run_10d.txt,TriMap,3,16,8,0,0,4916,23,798,0.5751239806076784,0.343826935862722,64,459,0.5020260911385681,0.0979541258614967,0.4761073491132047
03_0nm_02run_10d.txt,TriMap,3,16,12,0,0,4916,19,878,0.5550116939984185,0.3448078041667834,42,485,0.5959490362310899,0.0489809108150206,0.4846419964965925
03_0nm_02run_10d.txt,TriMap,3,16,16,0,0,4916,14,486,0.5903602135569641,0.2652217188333497,18,83,0.6188007509851253,-0.0811211600238911,0.5892347079481313
03_0nm_02run_10d.txt,TriMap,3,32,16,0,0,4916,13,807,0.6437412212649802,0.2815602484577618,10,13,0.6454318760138126,-0.1762056731562572,0.5130027008655391
03_0nm_02run_10d.txt,TriMap,3,32,24,0,0,4916,16,1434,0.4172886875110777,0.4019668231107227,10,29,0.6513240742973151,-0.0524654536667362,0.595379948182526
03_0nm_02run_10d.txt,TriMap,3,32,32,0,0,4916,16,1577,0.3878078841384593,0.4069087797883471,16,229,0.7119714376140138,0.006536999376653,0.500048388273227
03_0nm_02run_10d.txt,TriMap,3,64,32,0,0,4916,11,681,0.6078196964486846,0.5076116851760949,12,137,0.7555611796259508,0.1021442512664841,0.6548466552688331
03_0nm_02run_10d.txt,TriMap,3,64,48,0,0,4916,12,1089,0.5624101192378826,0.4617471478166675,9,47,0.695395576841203,-0.2105883637424716,0.0285124074902229
03_0nm_02run_10d.txt,TriMap,3,64,64,0,0,4916,12,908,0.5325432484336187,0.4353543581145664,11,418,0.7166575569765519,0.0596217083931725,0.6226591307471621
03_0nm_02run_10d.txt,TriMap,3,128,64,0,0,4916,11,769,0.5950694729683579,0.4333041447617657,10,298,0.7396501645453804,0.1122345319596885,0.6576439514679854
03_0nm_02run_10d.txt,TriMap,3,128,96,0,0,4916,9,1158,0.5095836345803414,0.4512143560684781,9,304,0.6656376589031601,0.0182959462775701,0.3991033870900399
03_0nm_02run_10d.txt,TriMap,3,128,128,0,0,4916,5,615,0.3038493183386692,0.374447972405457,9,599,0.6019649229018736,0.1863537975889299,0.5107707258106079
03_0nm_02run_10d.txt,TriMap,3,256,128,0,0,4916,4,328,0.2940928813978664,0.3684620970039411,4,53,0.2919434208676572,-0.2059995482952554,0.1900320694235294
03_0nm_02run_10d.txt,TriMap,3,256,192,0,0,4916,3,691,0.2610303620005064,0.3935860796512581,3,130,0.2545519452026535,0.0855407637211818,0.6610615688700071
03_0nm_02run_10d.txt,TriMap,3,256,256,0,0,4916,3,1151,0.2606532262548465,0.363129882701627,4,349,0.2849087644251203,-0.0274664697264519,0.5184211962343337
03_0nm_02run_10d.txt,PaCMAP,2,4,2,10,0,4916,356,1227,0.0958084093851275,0.2765879827336703,446,748,0.0307168640008897,0.0383437825297142,0.4128097980490068
03_0nm_02run_10d.txt,PaCMAP,2,4,3,10,0,4916,212,1236,0.2446163241878805,0.3658682678069211,397,946,0.0303473103772721,0.0672463398813424,0.4512905600840308
03_0nm_02run_10d.txt,PaCMAP,2,4,4,10,0,4916,147,1335,0.268691757442972,0.3547723037382227,291,959,0.0427210099136713,0.0913303745208086,0.4663547286725373
03_0nm_02run_10d.txt,PaCMAP,2,8,4,10,0,4916,68,918,0.5505405581543515,0.3573590396351771,211,677,0.0822143579149104,0.0128873870580073,0.4026883184931872
03_0nm_02run_10d.txt,PaCMAP,2,8,6,10,0,4916,57,1158,0.4372064717653834,0.340183195987929,194,867,0.0666588508120607,0.0327048832493851,0.4479617699973547
03_0nm_02run_10d.txt,PaCMAP,2,8,8,10,0,4916,32,896,0.5710896313764732,0.3105360240052269,163,935,0.0846521414133322,0.0501060294952554,0.4418171625934821
03_0nm_02run_10d.txt,PaCMAP,2,16,8,10,0,4916,23,798,0.5751239806076784,0.343826935862722,71,632,0.4325881025060903,-0.0493569731041881,0.4692306793945771
03_0nm_02run_10d.txt,PaCMAP,2,16,12,10,0,4916,19,878,0.5550116939984185,0.3448078041667834,68,806,0.4139597185477541,-0.0064862925986237,0.5024165365189086
03_0nm_02run_10d.txt,PaCMAP,2,16,16,10,0,4916,14,486,0.5903602135569641,0.2652217188333497,59,838,0.4307367655333556,-0.0702240525300978,0.4601803137455
03_0nm_02run_10d.txt,PaCMAP,2,32,16,10,0,4916,13,807,0.6437412212649802,0.2815602484577618,7,0,0.4483756169445597,-0.3450252054360583,0.2870931531088919
03_0nm_02run_10d.txt,PaCMAP,2,32,24,10,0,4916,16,1434,0.4172886875110777,0.4019668231107227,7,0,0.4481477919989028,-0.3452649257125924,0.287011422633649
03_0nm_02run_10d.txt,PaCMAP,2,32,32,10,0,4916,16,1577,0.3878078841384593,0.4069087797883471,11,71,0.5818543198330143,-0.2123435807609033,0.0609863800081288
03_0nm_02run_10d.txt,PaCMAP,2,64,32,10,0,4916,11,681,0.6078196964486846,0.5076116851760949,9,7,0.6199208728186497,-0.2697071736060953,0.0680353122114718
03_0nm_02run_10d.txt,PaCMAP,2,64,48,10,0,4916,12,1089,0.5624101192378826,0.4617471478166675,9,11,0.6227804599670848,-0.2295524882002375,0.0657858518202987
03_0nm_02run_10d.txt,PaCMAP,2,64,64,10,0,4916,12,908,0.5325432484336187,0.4353543581145664,9,79,0.7201759100243582,-0.351838931565991,0.3427348025218705
03_0nm_02run_10d.txt,PaCMAP,2,128,64,10,0,4916,11,769,0.5950694729683579,0.4333041447617657,9,79,0.7201759100243582,-0.351838931565991,0.3427348025218705
03_0nm_02run_10d.txt,PaCMAP,2,128,96,10,0,4916,9,1158,0.5095836345803414,0.4512143560684781,9,91,0.7189215592423603,-0.3900986900200086,0.1826966301055503
03_0nm_02run_10d.txt,PaCMAP,2,128,128,10,0,4916,5,615,0.3038493183386692,0.374447972405457,9,236,0.6909138481881343,-0.2965681063644644,0.3404524740776358
03_0nm_02run_10d.txt,PaCMAP,2,256,128,10,0,4916,4,328,0.2940928813978664,0.3684620970039411,8,426,0.6767087382549318,-0.2094808930357598,0.3057327500147328
03_0nm_02run_10d.txt,PaCMAP,2,256,192,10,0,4916,3,691,0.2610303620005064,0.3935860796512581,4,373,0.2270646674181176,-0.3620617400805017,0.2758101879645768
03_0nm_02run_10d.txt,PaCMAP,2,256,256,10,0,4916,3,1151,0.2606532262548465,0.363129882701627,4,688,0.2251519734391443,-0.30766813852761,0.4328000221861017
03_0nm_02run_10d.txt,PaCMAP,3,4,2,10,0,4916,356,1227,0.0958084093851275,0.2765879827336703,439,734,0.0316487206662055,0.0555457991419131,0.4383684314365919
03_0nm_02run_10d.txt,PaCMAP,3,4,3,10,0,4916,212,1236,0.2446163241878805,0.3658682678069211,380,916,0.0330497461990274,0.0924360955458994,0.4780433462767803
03_0nm_02run_10d.txt,PaCMAP,3,4,4,10,0,4916,147,1335,0.268691757442972,0.3547723037382227,283,923,0.0478451431620517,0.0893383889439739,0.4641609991363271
03_0nm_02run_10d.txt,PaCMAP,3,8,4,10,0,4916,68,918,0.5505405581543515,0.3573590396351771,212,698,0.0816045866582438,0.0316439087505129,0.4375241962431008
03_0nm_02run_10d.txt,PaCMAP,3,8,6,10,0,4916,57,1158,0.4372064717653834,0.340183195987929,185,782,0.1471774545215884,0.1175653357597306,0.5347527665407565
03_0nm_02run_10d.txt,PaCMAP,3,8,8,10,0,4916,32,896,0.5710896313764732,0.3105360240052269,149,766,0.2209503358838339,0.0216014486417991,0.5390878391299816
03_0nm_02run_10d.txt,PaCMAP,3,16,8,10,0,4916,23,798,0.5751239806076784,0.343826935862722,70,525,0.4774725694509492,0.0064816981496945,0.6129605757216962
03_0nm_02run_10d.txt,PaCMAP,3,16,12,10,0,4916,19,878,0.5550116939984185,0.3448078041667834,54,559,0.54017589953602,0.042942331736498,0.6683637036122657
03_0nm_02run_10d.txt,PaCMAP,3,16,16,10,0,4916,14,486,0.5903602135569641,0.2652217188333497,49,697,0.5367875795596372,0.0795764962518424,0.6436385150125558
03_0nm_02run_10d.txt,PaCMAP,3,32,16,10,0,4916,13,807,0.6437412212649802,0.2815602484577618,8,3,0.6864669811644313,0.0774150388901673,0.6739062744941026
03_0nm_02run_10d.txt,PaCMAP,3,32,24,10,0,4916,16,1434,0.4172886875110777,0.4019668231107227,8,8,0.6848314892983136,0.081579461935473,0.6846991761782123
03_0nm_02run_10d.txt,PaCMAP,3,32,32,10,0,4916,16,1577,0.3878078841384593,0.4069087797883471,8,0,0.6861730751829301,-0.068695649446202,0.6740104237588347
03_0nm_02run_10d.txt,PaCMAP,3,64,32,10,0,4916,11,681,0.6078196964486846,0.5076116851760949,8,0,0.6861730751829301,-0.068695649446202,0.6740104237588347
03_0nm_02run_10d.txt,PaCMAP,3,64,48,10,0,4916,12,1089,0.5624101192378826,0.4617471478166675,10,47,0.7894617563240693,-0.251607101746602,0.3204146201812421
03_0nm_02run_10d.txt,PaCMAP,3,64,64,10,0,4916,12,908,0.5325432484336187,0.4353543581145664,8,0,0.6861162296627271,-0.0685029884797538,0.6740404321733984
03_0nm_02run_10d.txt,PaCMAP,3,128,64,10,0,4916,11,769,0.5950694729683579,0.4333041447617657,8,0,0.6861162296627271,-0.0685029884797538,0.6740404321733984
03_0nm_02run_10d.txt,PaCMAP,3,128,96,10,0,4916,9,1158,0.5095836345803414,0.4512143560684781,9,211,0.8131814633916921,0.1209711825206555,0.7598066407576082
03_0nm_02run_10d.txt,PaCMAP,3,128,128,10,0,4916,5,615,0.3038493183386692,0.374447972405457,9,171,0.8082529901491383,-0.0880636926603119,0.5232142711164423
03_0nm_02run_10d.txt,PaCMAP,3,256,128,10,0,4916,4,328,0.2940928813978664,0.3684620970039411,9,171,0.8082529901491383,-0.0880636926603119,0.5232142711164423
03_0nm_02run_10d.txt,PaCMAP,3,256,192,10,0,4916,3,691,0.2610303620005064,0.3935860796512581,7,166,0.4717079664899017,-0.1792007791632183,0.7912854592947057
03_0nm_02run_10d.txt,PaCMAP,3,256,256,10,0,4916,3,1151,0.2606532262548465,0.363129882701627,7,487,0.4455862440019151,-0.1714686753896665,0.7378789693688138
07_0nm_01run_100d.txt,tSNE,2,4,2,0,0,5546,323,1172,0.3127620359094173,0.4243142716865555,479,731,0.0528067400633043,0.228095068864884,0.3629850433101296
07_0nm_01run_100d.txt,tSNE,2,4,3,0,0,5546,199,1190,0.4031173735768109,0.4163667443719209,238,497,0.4255210301446177,0.2263535386935287,0.4368001922819466
07_0nm_01run_100d.txt,tSNE,2,4,4,0,0,5546,52,407,0.5448284278445548,0.5421824929851919,142,399,0.5250792322021766,0.1447109756760292,0.4453658355091242
07_0nm_01run_100d.txt,tSNE,2,8,4,0,0,5546,32,385,0.5457831343584095,0.5559311215077034,76,205,0.6362569510021037,0.1369646800566256,0.4554605121889257
07_0nm_01run_100d.txt,tSNE,2,8,6,0,0,5546,8,39,0.5818580372305601,0.6382912689514125,16,0,0.8041712457587793,0.0049694724096887,0.4514499262005027
07_0nm_01run_100d.txt,tSNE,2,8,8,0,0,5546,19,364,0.7370150976089941,0.5746616723766943,16,0,0.8041712457587793,0.0049694724096887,0.4514499262005027
07_0nm_01run_100d.txt,tSNE,2,16,8,0,0,5546,13,317,0.7940500742476778,0.5931995741707761,16,0,0.8041712457587793,0.0049694724096887,0.4514499262005027
07_0nm_01run_100d.txt,tSNE,2,16,12,0,0,5546,12,231,0.7383572371418947,0.595241946097318,15,0,0.8277692622950124,0.0370912722857428,0.4963945961596743
07_0nm_01run_100d.txt,tSNE,2,16,16,0,0,5546,12,289,0.7330761500676231,0.6110256226759577,13,0,0.8541136564723437,0.0627807507250288,0.5076617351561061
07_0nm_01run_100d.txt,tSNE,2,32,16,0,0,5546,10,212,0.738219055411735,0.6241373782767846,13,0,0.8541136564723437,0.0627807507250288,0.5076617351561061
07_0nm_01run_100d.txt,tSNE,2,32,24,0,0,5546,8,156,0.6677252772985363,0.7052879560180595,13,0,0.8541136564723437,0.0627807507250288,0.5076617351561061
07_0nm_01run_100d.txt,tSNE,2,32,32,0,0,5546,11,576,0.6270324007146831,0.6324428620207521,13,0,0.8541136564723437,0.0627807507250288,0.5076617351561061
07_0nm_01run_100d.txt,tSNE,2,64,32,0,0,5546,8,204,0.6593697552177433,0.7032134948543453,13,0,0.8541136564723437,0.0627807507250288,0.5076617351561061
07_0nm_01run_100d.txt,tSNE,2,64,48,0,0,5546,10,639,0.6231220810639714,0.6119281451987832,13,0,0.8541136564723437,0.0627807507250288,0.5076617351561061
07_0nm_01run_100d.txt,tSNE,2,64,64,0,0,5546,9,571,0.6141232663969554,0.6336709316940714,13,81,0.8436041333706761,0.1617265056291527,0.5084234944219099
07_0nm_01run_100d.txt,tSNE,2,128,64,0,0,5546,9,356,0.6638164200875263,0.5404540248478451,11,41,0.8029898986625325,-0.064760810516863,0.5021621369238162
07_0nm_01run_100d.txt,tSNE,2,128,96,0,0,5546,10,658,0.6056537621482733,0.6583776617632872,10,478,0.7578685846438336,0.1232667570041571,0.4884556277559637
07_0nm_01run_100d.txt,tSNE,2,128,128,0,0,5546,9,569,0.5861439952571718,0.707703837331046,10,988,0.6046201608368378,0.2169921379666939,0.3877622441070592
07_0nm_01run_100d.txt,tSNE,2,256,128,0,0,5546,6,246,0.4985739370738749,0.7814775316257085,9,924,0.6042711901532029,0.3300785246337076,0.4813765108432665
07_0nm_01run_100d.txt,tSNE,2,256,192,0,0,5546,6,519,0.4662017387496444,0.5452697113649474,8,2323,0.248922634490983,0.0127562053242904,0.3298784950116539
07_0nm_01run_100d.txt,tSNE,2,256,256,0,0,5546,6,735,0.4313922042287034,0.5069548207278166,4,2084,0.112227368480321,-0.2323092674391898,0.2914086228919161
07_0nm_01run_100d.txt,tSNE,3,4,2,0,0,5546,323,1172,0.3127620359094173,0.4243142716865555,436,732,0.284662770170719,0.2583053262446735,0.3608516981561693
07_0nm_01run_100d.txt,tSNE,3,4,3,0,0,5546,199,1190,0.4031173735768109,0.4163667443719209,161,417,0.6625622033475237,0.3917322959504205,0.4601002459830744
07_0nm_01run_100d.txt,tSNE,3,4,4,0,0,5546,52,407,0.5448284278445548,0.5421824929851919,28,74,0.7281519373879727,0.2935747409241358,0.353583091499477
07_0nm_01run_100d.txt,tSNE,3,8,4,0,0,5546,32,385,0.5457831343584095,0.5559311215077034,19,46,0.7282313469171349,0.2915906749466252,0.3499222663802169
07_0nm_01run_100d.txt,tSNE,3,8,6,0,0,5546,8,39,0.5818580372305601,0.6382912689514125,10,0,0.7615359953138587,0.2781705020503246,0.3519972123829433
07_0nm_01run_100d.txt,tSNE,3,8,8,0,0,5546,19,364,0.7370150976089941,0.5746616723766943,10,0,0.7615359953138587,0.2781705020503246,0.3519972123829434
07_0nm_01run_100d.txt,tSNE,3,16,8,0,0,5546,13,317,0.7940500742476778,0.5931995741707761,10,0,0.7615359953138587,0.2781705020503246,0.3519972123829434
07_0nm_01run_100d.txt,tSNE,3,16,12,0,0,5546,12,231,0.7383572371418947,0.595241946097318,10,0,0.7615359953138587,0.2781705020503246,0.3519972123829434
07_0nm_01run_100d.txt,tSNE,3,16,16,0,0,5546,12,289,0.7330761500676231,0.6110256226759577,10,0,0.7615359953138587,0.2781705020503246,0.3519972123829434
07_0nm_01run_100d.txt,tSNE,3,32,16,0,0,5546,10,212,0.738219055411735,0.6241373782767846,10,0,0.7615359953138587,0.2781705020503246,0.3519972123829434
07_0nm_01run_100d.txt,tSNE,3,32,24,0,0,5546,8,156,0.6677252772985363,0.7052879560180595,8,1,0.7177215111617544,0.4241247990094132,0.4361122399667081
07_0nm_01run_100d.txt,tSNE,3,32,32,0,0,5546,11,576,0.6270324007146831,0.6324428620207521,8,6,0.7174790806003495,0.4566617963327947,0.4932451568591202
07_0nm_01run_100d.txt,tSNE,3,64,32,0,0,5546,8,204,0.6593697552177433,0.7032134948543453,8,6,0.7174790806003495,0.4566617963327947,0.4932451568591202
07_0nm_01run_100d.txt,tSNE,3,64,48,0,0,5546,10,639,0.6231220810639714,0.6119281451987832,9,38,0.7076510191875397,0.3153763923801202,0.3425062327991568
07_0nm_01run_100d.txt,tSNE,3,64,64,0,0,5546,9,571,0.6141232663969554,0.6336709316940714,8,95,0.6982771088668733,0.4418386620952724,0.253072408830823
07_0nm_01run_100d.txt,tSNE,3,128,64,0,0,5546,9,356,0.6638164200875263,0.5404540248478451,8,95,0.6982771088668733,0.4418386620952724,0.253072408830823
07_0nm_01run_100d.txt,tSNE,3,128,96,0,0,5546,10,658,0.6056537621482733,0.6583776617632872,7,471,0.5205262505758436,0.6463624838475881,0.4775938331208937
07_0nm_01run_100d.txt,tSNE,3,128,128,0,0,5546,9,569,0.5861439952571718,0.707703837331046,8,1970,0.3096801086523637,0.4207065880908674,0.3021563644918903
07_0nm_01run_100d.txt,tSNE,3,256,128,0,0,5546,6,246,0.4985739370738749,0.7814775316257085,8,1970,0.3096801086523637,0.4207065880908674,0.3021563644918903
07_0nm_01run_100d.txt,tSNE,3,256,192,0,0,5546,6,519,0.4662017387496444,0.5452697113649474,3,3004,0.1041757794277423,-0.2288758081359733,0.0622111488228631
07_0nm_01run_100d.txt,tSNE,3,256,256,0,0,5546,6,735,0.4313922042287034,0.5069548207278166,0,5546,0.0,0.0,0.0
07_0nm_01run_100d.txt,UMAP,2,4,2,0,0,5546,323,1172,0.3127620359094173,0.4243142716865555,548,608,0.0323102013221862,0.0899765319840494,0.4736761619518443
07_0nm_01run_100d.txt,UMAP,2,4,3,0,0,5546,199,1190,0.4031173735768109,0.4163667443719209,468,740,0.0348995857022466,0.0949878054030593,0.4960551621366974
07_0nm_01run_100d.txt,UMAP,2,4,4,0,0,5546,52,407,0.5448284278445548,0.5421824929851919,395,880,0.0376401101616325,0.0925476792151396,0.5195922781436624
07_0nm_01run_100d.txt,UMAP,2,8,4,0,0,5546,32,385,0.5457831343584095,0.5559311215077034,264,586,0.0744736218026815,0.0317440977483295,0.5145593817305805
07_0nm_01run_100d.txt,UMAP,2,8,6,0,0,5546,8,39,0.5818580372305601,0.6382912689514125,246,794,0.0683129150154953,0.0740077086905116,0.5252638233062799
07_0nm_01run_100d.txt,UMAP,2,8,8,0,0,5546,19,364,0.7370150976089941,0.5746616723766943,173,630,0.2763007947987005,0.1436524385730396,0.5905274154307979
07_0nm_01run_100d.txt,UMAP,2,16,8,0,0,5546,13,317,0.7940500742476778,0.5931995741707761,73,256,0.5652434021889999,0.0055610677013544,0.6376957570632513
07_0nm_01run_100d.txt,UMAP,2,16,12,0,0,5546,12,231,0.7383572371418947,0.595241946097318,47,147,0.6237560546114473,0.0312471305275064,0.7034755520183739
07_0nm_01run_100d.txt,UMAP,2,16,16,0,0,5546,12,289,0.7330761500676231,0.6110256226759577,35,72,0.6432312815482725,0.0013098595720067,0.7199778037934504
07_0nm_01run_100d.txt,UMAP,2,32,16,0,0,5546,10,212,0.738219055411735,0.6241373782767846,22,0,0.6759331613691131,-0.2417688953147101,0.6611844991547475
07_0nm_01run_100d.txt,UMAP,2,32,24,0,0,5546,8,156,0.6677252772985363,0.7052879560180595,21,0,0.6885288928811413,-0.212452202246383,0.6631223366152441
07_0nm_01run_100d.txt,UMAP,2,32,32,0,0,5546,11,576,0.6270324007146831,0.6324428620207521,21,0,0.6885288928811413,-0.212452202246383,0.6631223366152441
07_0nm_01run_100d.txt,UMAP,2,64,32,0,0,5546,8,204,0.6593697552177433,0.7032134948543453,17,106,0.6835283726679635,-0.3013391590004116,0.6135565492324366
07_0nm_01run_100d.txt,UMAP,2,64,48,0,0,5546,10,639,0.6231220810639714,0.6119281451987832,17,106,0.6835283726679635,-0.3013391590004116,0.6135565492324366
07_0nm_01run_100d.txt,UMAP,2,64,64,0,0,5546,9,571,0.6141232663969554,0.6336709316940714,17,134,0.6857655787348241,-0.2963876293482028,0.6126975927672379
07_0nm_01run_100d.txt,UMAP,2,128,64,0,0,5546,9,356,0.6638164200875263,0.5404540248478451,11,189,0.6297126751862616,-0.5032617913687957,0.4454322542950724
07_0nm_01run_100d.txt,UMAP,2,128,96,0,0,5546,10,658,0.6056537621482733,0.6583776617632872,11,360,0.650466974643819,-0.3631601333047204,0.5077649046653611
07_0nm_01run_100d.txt,UMAP,2,128,128,0,0,5546,9,569,0.5861439952571718,0.707703837331046,10,481,0.6227005469725603,-0.444215445413946,0.4675746296532216
07_0nm_01run_100d.txt,UMAP,2,256,128,0,0,5546,6,246,0.4985739370738749,0.7814775316257085,10,481,0.6227005469725603,-0.444215445413946,0.4675746296532216
07_0nm_01run_100d.txt,UMAP,2,256,192,0,0,5546,6,519,0.4662017387496444,0.5452697113649474,7,705,0.4503864959482702,-0.4528444484266787,0.4262655118703501
07_0nm_01run_100d.txt,UMAP,2,256,256,0,0,5546,6,735,0.4313922042287034,0.5069548207278166,7,1297,0.3524157239582044,-0.0505025956667023,0.4890954901410435
07_0nm_01run_100d.txt,UMAP,3,4,2,0,0,5546,323,1172,0.3127620359094173,0.4243142716865555,556,603,0.0311975831132552,0.0934143455107025,0.4740771339458495
07_0nm_01run_100d.txt,UMAP,3,4,3,0,0,5546,199,1190,0.4031173735768109,0.4163667443719209,459,760,0.0358364470602769,0.123221059662281,0.4851797196543341
07_0nm_01run_100d.txt,UMAP,3,4,4,0,0,5546,52,407,0.5448284278445548,0.5421824929851919,388,844,0.0383215350784919,0.1223769417684259,0.519591845638762
07_0nm_01run_100d.txt,UMAP,3,8,4,0,0,5546,32,385,0.5457831343584095,0.5559311215077034,265,602,0.0692929158092854,0.0545968533043779,0.5143633509798254
07_0nm_01run_100d.txt,UMAP,3,8,6,0,0,5546,8,39,0.5818580372305601,0.6382912689514125,234,840,0.0695347629642654,0.0826927947989816,0.512528956231828
07_0nm_01run_100d.txt,UMAP,3,8,8,0,0,5546,19,364,0.7370150976089941,0.5746616723766943,189,848,0.1660173622876987,0.1659423994363213,0.5703215985849139
07_0nm_01run_100d.txt,UMAP,3,16,8,0,0,5546,13,317,0.7940500742476778,0.5931995741707761,57,138,0.6707349727203638,0.2001245201293973,0.76106502401645
07_0nm_01run_100d.txt,UMAP,3,16,12,0,0,5546,12,231,0.7383572371418947,0.595241946097318,16,14,0.7310938162311944,0.2826733314826901,0.854351099870229
07_0nm_01run_100d.txt,UMAP,3,16,16,0,0,5546,12,289,0.7330761500676231,0.6110256226759577,12,0,0.7364026872370266,0.2524810236110387,0.8538902394620151
07_0nm_01run_100d.txt,UMAP,3,32,16,0,0,5546,10,212,0.738219055411735,0.6241373782767846,12,0,0.7364026872370266,0.2524810236110387,0.8538902394620151
07_0nm_01run_100d.txt,UMAP,3,32,24,0,0,5546,8,156,0.6677252772985363,0.7052879560180595,11,0,0.7466137600188216,0.2817977166793657,0.8532852144680967
07_0nm_01run_100d.txt,UMAP,3,32,32,0,0,5546,11,576,0.6270324007146831,0.6324428620207521,11,0,0.7466137600188216,0.2817977166793657,0.8532852144680967
07_0nm_01run_100d.txt,UMAP,3,64,32,0,0,5546,8,204,0.6593697552177433,0.7032134948543453,11,0,0.7466137600188216,0.2817977166793657,0.8532852144680967
07_0nm_01run_100d.txt,UMAP,3,64,48,0,0,5546,10,639,0.6231220810639714,0.6119281451987832,11,0,0.7466137600188216,0.2817977166793657,0.8532852144680967
07_0nm_01run_100d.txt,UMAP,3,64,64,0,0,5546,9,571,0.6141232663969554,0.6336709316940714,11,22,0.7455694131113032,0.2911772496014519,0.8557464519260763
07_0nm_01run_100d.txt,UMAP,3,128,64,0,0,5546,9,356,0.6638164200875263,0.5404540248478451,9,27,0.7803514185265119,0.4334598166453898,0.7279273100404029
07_0nm_01run_100d.txt,UMAP,3,128,96,0,0,5546,10,658,0.6056537621482733,0.6583776617632872,8,2,0.7176714456163198,0.4569468647443788,0.8110266573081019
07_0nm_01run_100d.txt,UMAP,3,128,128,0,0,5546,9,569,0.5861439952571718,0.707703837331046,9,144,0.7775926409589603,0.5610720933972488,0.7943914956195317
07_0nm_01run_100d.txt,UMAP,3,256,128,0,0,5546,6,246,0.4985739370738749,0.7814775316257085,8,23,0.716621187880283,0.4553848223298419,0.8191263088664765
07_0nm_01run_100d.txt,UMAP,3,256,192,0,0,5546,6,519,0.4662017387496444,0.5452697113649474,7,0,0.5911766370890491,0.575851398229828,0.7261225532095856
07_0nm_01run_100d.txt,UMAP,3,256,256,0,0,5546,6,735,0.4313922042287034,0.5069548207278166,7,222,0.5700367090869877,0.6072484709696837,0.6961368034981591
07_0nm_01run_100d.txt,TriMap,2,4,2,0,0,5546,323,1172,0.3127620359094173,0.4243142716865555,487,756,0.0361266414887197,0.0323670876116831,0.4093902707594969
07_0nm_01run_100d.txt,TriMap,2,4,3,0,0,5546,199,1190,0.4031173735768109,0.4163667443719209,399,940,0.0400089059418988,0.0627536295348368,0.4274291034381828
07_0nm_01run_100d.txt,TriMap,2,4,4,0,0,5546,52,407,0.5448284278445548,0.5421824929851919,335,1194,0.0343117096465603,0.0926766731190504,0.4400275593464158
07_0nm_01run_100d.txt,TriMap,2,8,4,0,0,5546,32,385,0.5457831343584095,0.5559311215077034,230,820,0.1045832139272611,0.0120252277725485,0.3892600700505916
07_0nm_01run_100d.txt,TriMap,2,8,6,0,0,5546,8,39,0.5818580372305601,0.6382912689514125,204,1162,0.0695625901595656,0.0384338464267923,0.4457342888233007
07_0nm_01run_100d.txt,TriMap,2,8,8,0,0,5546,19,364,0.7370150976089941,0.5746616723766943,123,711,0.4338500304533076,0.2535466807225581,0.5129722405007172
07_0nm_01run_100d.txt,TriMap,2,16,8,0,0,5546,13,317,0.7940500742476778,0.5931995741707761,44,307,0.6476264437400413,0.3289487708207007,0.5386100108170472
07_0nm_01run_100d.txt,TriMap,2,16,12,0,0,5546,12,231,0.7383572371418947,0.595241946097318,32,285,0.6995758033074769,0.2768310341487496,0.404107213839142
07_0nm_01run_100d.txt,TriMap,2,16,16,0,0,5546,12,289,0.7330761500676231,0.6110256226759577,21,76,0.7142564889338165,0.1993886617413733,0.2671098713172572
07_0nm_01run_100d.txt,TriMap,2,32,16,0,0,5546,10,212,0.738219055411735,0.6241373782767846,11,4,0.7835487744773534,0.1846571497476434,0.3050050919046617
07_0nm_01run_100d.txt,TriMap,2,32,24,0,0,5546,8,156,0.6677252772985363,0.7052879560180595,12,76,0.7225494281515281,0.1950701294659095,0.4430543665632238
07_0nm_01run_100d.txt,TriMap,2,32,32,0,0,5546,11,576,0.6270324007146831,0.6324428620207521,13,136,0.7412717140922331,0.2591586740018787,0.5225804252405887
07_0nm_01run_100d.txt,TriMap,2,64,32,0,0,5546,8,204,0.6593697552177433,0.7032134948543453,12,141,0.7418999165453778,0.292183064876411,0.4915406531215568
07_0nm_01run_100d.txt,TriMap,2,64,48,0,0,5546,10,639,0.6231220810639714,0.6119281451987832,11,204,0.595164421703544,0.4457456390502088,0.5011102073586781
07_0nm_01run_100d.txt,TriMap,2,64,64,0,0,5546,9,571,0.6141232663969554,0.6336709316940714,11,368,0.7907938527780811,0.4125773678836769,0.3989351531935565
07_0nm_01run_100d.txt,TriMap,2,128,64,0,0,5546,9,356,0.6638164200875263,0.5404540248478451,10,102,0.7731127227765371,0.157741960899054,0.3138945019193285
07_0nm_01run_100d.txt,TriMap,2,128,96,0,0,5546,10,658,0.6056537621482733,0.6583776617632872,10,366,0.7575595405964456,0.4930629415434506,0.5827106560190563
07_0nm_01run_100d.txt,TriMap,2,128,128,0,0,5546,9,569,0.5861439952571718,0.707703837331046,8,391,0.5791793665453682,0.5447545648163282,0.5230240111768732
07_0nm_01run_100d.txt,TriMap,2,256,128,0,0,5546,6,246,0.4985739370738749,0.7814775316257085,5,62,0.4427588984546102,0.6702868618118158,0.5281631987405592
07_0nm_01run_100d.txt,TriMap,2,256,192,0,0,5546,6,519,0.4662017387496444,0.5452697113649474,6,604,0.4704105081666738,0.6162281161481412,0.3230849907185614
07_0nm_01run_100d.txt,TriMap,2,256,256,0,0,5546,6,735,0.4313922042287034,0.5069548207278166,4,575,0.3446982304603986,0.5191464014134253,0.5222042880231588
07_0nm_01run_100d.txt,TriMap,3,4,2,0,0,5546,323,1172,0.3127620359094173,0.4243142716865555,495,828,0.0327419053847236,0.0175478018852582,0.4132861286781962
07_0nm_01run_100d.txt,TriMap,3,4,3,0,0,5546,199,1190,0.4031173735768109,0.4163667443719209,400,919,0.0443928375980414,0.0720319988155847,0.4449415780996458
07_0nm_01run_100d.txt,TriMap,3,4,4,0,0,5546,52,407,0.5448284278445548,0.5421824929851919,328,1201,0.0367867862635313,0.1193787344598704,0.4462823215204895
07_0nm_01run_100d.txt,TriMap,3,8,4,0,0,5546,32,385,0.5457831343584095,0.5559311215077034,239,946,0.0598915045605799,0.0751059991005201,0.4246350250239682
07_0nm_01run_100d.txt,TriMap,3,8,6,0,0,5546,8,39,0.5818580372305601,0.6382912689514125,168,873,0.2943589385739867,0.27241271042748,0.4985790009196744
07_0nm_01run_100d.txt,TriMap,3,8,8,0,0,5546,19,364,0.7370150976089941,0.5746616723766943,128,776,0.449593533102321,0.2463866328675805,0.5768332334350467
07_0nm_01run_100d.txt,TriMap,3,16,8,0,0,5546,13,317,0.7940500742476778,0.5931995741707761,31,76,0.6351030173433764,0.3237811109728211,0.6072872512512242
07_0nm_01run_100d.txt,TriMap,3,16,12,0,0,5546,12,231,0.7383572371418947,0.595241946097318,16,50,0.7275326898817049,0.3056444573217783,0.6738403550782526
07_0nm_01run_100d.txt,TriMap,3,16,16,0,0,5546,12,289,0.7330761500676231,0.6110256226759577,20,95,0.7256788793355929,0.1947624642037714,0.6370398861739213
07_0nm_01run_100d.txt,TriMap,3,32,16,0,0,5546,10,212,0.738219055411735,0.6241373782767846,14,57,0.7333933836888895,0.1632455265341095,0.5845664836925523
07_0nm_01run_100d.txt,TriMap,3,32,24,0,0,5546,8,156,0.6677252772985363,0.7052879560180595,14,122,0.731147455762882,0.2314271164036018,0.6771896700318135
07_0nm_01run_100d.txt,TriMap,3,32,32,0,0,5546,11,576,0.6270324007146831,0.6324428620207521,11,31,0.5365088521063142,0.1781763950798047,0.5536427054455975
07_0nm_01run_100d.txt,TriMap,3,64,32,0,0,5546,8,204,0.6593697552177433,0.7032134948543453,8,6,0.5794926995870429,0.2789394159218223,0.605513017202533
07_0nm_01run_100d.txt,TriMap,3,64,48,0,0,5546,10,639,0.6231220810639714,0.6119281451987832,13,140,0.8102086618926858,0.1478259011265533,0.3175336928021022
07_0nm_01run_100d.txt,TriMap,3,64,64,0,0,5546,9,571,0.6141232663969554,0.6336709316940714,11,356,0.77448110381285,0.3917832614674272,0.6476809263735812
07_0nm_01run_100d.txt,TriMap,3,128,64,0,0,5546,9,356,0.6638164200875263,0.5404540248478451,10,430,0.7908087893053923,0.2796045373166682,0.4572573892774771
07_0nm_01run_100d.txt,TriMap,3,128,96,0,0,5546,10,658,0.6056537621482733,0.6583776617632872,8,174,0.5827598950810552,0.5671973941682334,0.6745842680924508
07_0nm_01run_100d.txt,TriMap,3,128,128,0,0,5546,9,569,0.5861439952571718,0.707703837331046,9,585,0.7234719779409937,0.5336511069233842,0.6240400186584341
07_0nm_01run_100d.txt,TriMap,3,256,128,0,0,5546,6,246,0.4985739370738749,0.7814775316257085,6,127,0.4847668208430996,0.5608452758814474,0.6801744558575664
07_0nm_01run_100d.txt,TriMap,3,256,192,0,0,5546,6,519,0.4662017387496444,0.5452697113649474,4,331,0.3515245734792699,0.546487020131696,0.5223169278174884
07_0nm_01run_100d.txt,TriMap,3,256,256,0,0,5546,6,735,0.4313922042287034,0.5069548207278166,4,531,0.3527974449156434,0.5226364830824203,0.5657376350091983
07_0nm_01run_100d.txt,PaCMAP,2,4,2,10,0,5546,323,1172,0.3127620359094173,0.4243142716865555,530,732,0.0345872266207541,-0.0257103001165209,0.4271823910886537
07_0nm_01run_100d.txt,PaCMAP,2,4,3,10,0,5546,199,1190,0.4031173735768109,0.4163667443719209,445,918,0.0355354949267218,0.0191985940115302,0.4529263269869809
07_0nm_01run_100d.txt,PaCMAP,2,4,4,10,0,5546,52,407,0.5448284278445548,0.5421824929851919,357,1049,0.0392058157635833,0.0466964144268392,0.4555547045763617
07_0nm_01run_100d.txt,PaCMAP,2,8,4,10,0,5546,32,385,0.5457831343584095,0.5559311215077034,246,845,0.0617235939080533,0.0073692531663126,0.4346495246604364
07_0nm_01run_100d.txt,PaCMAP,2,8,6,10,0,5546,8,39,0.5818580372305601,0.6382912689514125,209,997,0.0987316942676368,0.0435510729990183,0.4246941458037142
07_0nm_01run_100d.txt,PaCMAP,2,8,8,10,0,5546,19,364,0.7370150976089941,0.5746616723766943,175,1218,0.1290951911536466,0.063562942505843,0.4415968819208441
07_0nm_01run_100d.txt,PaCMAP,2,16,8,10,0,5546,13,317,0.7940500742476778,0.5931995741707761,55,374,0.5564793229028325,0.1334049426206382,0.4576339197242353
07_0nm_01run_100d.txt,PaCMAP,2,16,12,10,0,5546,12,231,0.7383572371418947,0.595241946097318,20,61,0.6477649821710666,0.109818230535511,0.6724221245506755
07_0nm_01run_100d.txt,PaCMAP,2,16,16,10,0,5546,12,289,0.7330761500676231,0.6110256226759577,20,83,0.647990742782989,0.11536927346973,0.6729612412230263
07_0nm_01run_100d.txt,PaCMAP,2,32,16,10,0,5546,10,212,0.738219055411735,0.6241373782767846,9,0,0.6828427461824227,0.0927140846309701,0.69972989700651
07_0nm_01run_100d.txt,PaCMAP,2,32,24,10,0,5546,8,156,0.6677252772985363,0.7052879560180595,13,53,0.7293797354296283,0.1611564769890549,0.6236466387860868
07_0nm_01run_100d.txt,PaCMAP,2,32,32,10,0,5546,11,576,0.6270324007146831,0.6324428620207521,9,0,0.6828427461824227,0.0927140846309701,0.69972989700651
07_0nm_01run_100d.txt,PaCMAP,2,64,32,10,0,5546,8,204,0.6593697552177433,0.7032134948543453,9,0,0.6828427461824227,0.0927140846309701,0.69972989700651
07_0nm_01run_100d.txt,PaCMAP,2,64,48,10,0,5546,10,639,0.6231220810639714,0.6119281451987832,9,0,0.6828427461824227,0.0927140846309701,0.69972989700651
07_0nm_01run_100d.txt,PaCMAP,2,64,64,10,0,5546,9,571,0.6141232663969554,0.6336709316940714,9,0,0.6828427461824227,0.0927140846309701,0.69972989700651
07_0nm_01run_100d.txt,PaCMAP,2,128,64,10,0,5546,9,356,0.6638164200875263,0.5404540248478451,8,0,0.6869663900585976,0.1229124903169303,0.6494999751145487
07_0nm_01run_100d.txt,PaCMAP,2,128,96,10,0,5546,10,658,0.6056537621482733,0.6583776617632872,8,0,0.6869663900585976,0.1229124903169303,0.6494999751145487
07_0nm_01run_100d.txt,PaCMAP,2,128,128,10,0,5546,9,569,0.5861439952571718,0.707703837331046,8,116,0.6739271250335143,0.1900167260884041,0.6411325708620047
07_0nm_01run_100d.txt,PaCMAP,2,256,128,10,0,5546,6,246,0.4985739370738749,0.7814775316257085,8,116,0.6739271250335143,0.1900167260884041,0.6411325708620047
07_0nm_01run_100d.txt,PaCMAP,2,256,192,10,0,5546,6,519,0.4662017387496444,0.5452697113649474,8,430,0.6177123104074094,0.2601448964039025,0.6770877783934082
07_0nm_01run_100d.txt,PaCMAP,2,256,256,10,0,5546,6,735,0.4313922042287034,0.5069548207278166,6,1508,0.4471344160941495,0.4854214292583781,0.540871952755274
07_0nm_01run_100d.txt,PaCMAP,3,4,2,10,0,5546,323,1172,0.3127620359094173,0.4243142716865555,520,689,0.0360695372178216,-0.0165311308814723,0.4368066882751827
07_0nm_01run_100d.txt,PaCMAP,3,4,3,10,0,5546,199,1190,0.4031173735768109,0.4163667443719209,451,912,0.0353192116503143,0.040925129330963,0.4549842711741622
07_0nm_01run_100d.txt,PaCMAP,3,4,4,10,0,5546,52,407,0.5448284278445548,0.5421824929851919,367,1036,0.0395037115048926,0.0613927431290195,0.4704196483498146
07_0nm_01run_100d.txt,PaCMAP,3,8,4,10,0,5546,32,385,0.5457831343584095,0.5559311215077034,246,905,0.0607269549023512,0.0240094780806695,0.4478775173595012
07_0nm_01run_100d.txt,PaCMAP,3,8,6,10,0,5546,8,39,0.5818580372305601,0.6382912689514125,221,1069,0.0601615056062167,0.0785279333943071,0.4775612541096218
07_0nm_01run_100d.txt,PaCMAP,3,8,8,10,0,5546,19,364,0.7370150976089941,0.5746616723766943,167,1084,0.2010189157930145,0.1594818363143648,0.5408386947853472
07_0nm_01run_100d.txt,PaCMAP,3,16,8,10,0,5546,13,317,0.7940500742476778,0.5931995741707761,41,198,0.66900376841377,0.1896705499692551,0.7469979175414776
07_0nm_01run_100d.txt,PaCMAP,3,16,12,10,0,5546,12,231,0.7383572371418947,0.595241946097318,29,255,0.706505430506773,0.2364009863815652,0.7729144084941522
07_0nm_01run_100d.txt,PaCMAP,3,16,16,10,0,5546,12,289,0.7330761500676231,0.6110256226759577,29,252,0.707951855064133,0.2541513164731694,0.7801993338768797
07_0nm_01run_100d.txt,PaCMAP,3,32,16,10,0,5546,10,212,0.738219055411735,0.6241373782767846,13,96,0.7537050480401567,0.2166479754412735,0.8046059495160424
07_0nm_01run_100d.txt,PaCMAP,3,32,24,10,0,5546,8,156,0.6677252772985363,0.7052879560180595,8,0,0.6869663900585976,0.1229124903169303,0.8214086119039181
07_0nm_01run_100d.txt,PaCMAP,3,32,32,10,0,5546,11,576,0.6270324007146831,0.6324428620207521,8,0,0.6869663900585976,0.1229124903169303,0.8214086119039182
07_0nm_01run_100d.txt,PaCMAP,3,64,32,10,0,5546,8,204,0.6593697552177433,0.7032134948543453,8,0,0.6869663900585976,0.1229124903169303,0.8214086119039182
07_0nm_01run_100d.txt,PaCMAP,3,64,48,10,0,5546,10,639,0.6231220810639714,0.6119281451987832,8,0,0.6869663900585976,0.1229124903169303,0.8214086119039182
07_0nm_01run_100d.txt,PaCMAP,3,64,64,10,0,5546,9,571,0.6141232663969554,0.6336709316940714,8,0,0.6869663900585976,0.1229124903169303,0.8214086119039182
07_0nm_01run_100d.txt,PaCMAP,3,128,64,10,0,5546,9,356,0.6638164200875263,0.5404540248478451,8,0,0.6869663900585976,0.1229124903169303,0.8214086119039182
07_0nm_01run_100d.txt,PaCMAP,3,128,96,10,0,5546,10,658,0.6056537621482733,0.6583776617632872,8,0,0.6869663900585976,0.1229124903169303,0.8214086119039183
07_0nm_01run_100d.txt,PaCMAP,3,128,128,10,0,5546,9,569,0.5861439952571718,0.707703837331046,8,0,0.6869663900585976,0.1229124903169303,0.8214086119039182
07_0nm_01run_100d.txt,PaCMAP,3,256,128,10,0,5546,6,246,0.4985739370738749,0.7814775316257085,8,0,0.6869663900585976,0.1229124903169303,0.8214086119039182
07_0nm_01run_100d.txt,PaCMAP,3,256,192,10,0,5546,6,519,0.4662017387496444,0.5452697113649474,7,0,0.5816191896104701,0.4148285806304359,0.8009566395536265
07_0nm_01run_100d.txt,PaCMAP,3,256,256,10,0,5546,6,735,0.4313922042287034,0.5069548207278166,7,91,0.5710959869706391,0.4123018716744439,0.787177619689748
11_0nm_00run_250d.txt,tSNE,2,4,2,0,0,7656,459,1599,0.2575639167073674,0.435269289823173,656,915,0.0716450697757301,0.2103431016609098,0.355028258863289
11_0nm_00run_250d.txt,tSNE,2,4,3,0,0,7656,274,1650,0.3263497910128179,0.4769221166614629,561,1165,0.0711128732860543,0.2169907325221889,0.357715950446846
11_0nm_00run_250d.txt,tSNE,2,4,4,0,0,7656,109,1081,0.5155196956061957,0.533420958272158,321,980,0.2684659493828998,0.1839352817015385,0.4048697740337202
11_0nm_00run_250d.txt,tSNE,2,8,4,0,0,7656,61,991,0.532776739915629,0.5258424780769483,140,425,0.5035348810558635,0.0447577766330029,0.3594078161411567
11_0nm_00run_250d.txt,tSNE,2,8,6,0,0,7656,27,593,0.6154729981830237,0.5738620881476805,66,217,0.7075665986780026,0.033358651143298,0.4431159322023169
11_0nm_00run_250d.txt,tSNE,2,8,8,0,0,7656,20,632,0.6019273448921164,0.5733151944484889,41,127,0.7225045482348882,-0.0016125809001061,0.3463302409639625
11_0nm_00run_250d.txt,tSNE,2,16,8,0,0,7656,15,505,0.6244443870585406,0.5481453673634316,28,52,0.7292007449576858,-0.0594400222357798,0.3493276198412133
11_0nm_00run_250d.txt,tSNE,2,16,12,0,0,7656,17,698,0.6061411160090383,0.4884965847828834,22,21,0.7463193553401262,-0.0558021087828163,0.3403419425401299
11_0nm_00run_250d.txt,tSNE,2,16,16,0,0,7656,15,697,0.6522466568077556,0.548720461404809,16,7,0.7297143142677274,-0.1147641731799637,0.3139899460822364
11_0nm_00run_250d.txt,tSNE,2,32,16,0,0,7656,13,556,0.6603500261901974,0.5521702405218021,15,0,0.7254513225831821,-0.178088883095545,0.3663066967013955
11_0nm_00run_250d.txt,tSNE,2,32,24,0,0,7656,13,665,0.6461079893377457,0.5139342942066729,13,0,0.7347160734383544,-0.1820682581527769,0.4716236616044095
11_0nm_00run_250d.txt,tSNE,2,32,32,0,0,7656,12,641,0.646798516848683,0.5732322440122231,13,0,0.7347160734383544,-0.1820682581527768,0.4716236616044094
11_0nm_00run_250d.txt,tSNE,2,64,32,0,0,7656,12,641,0.646798516848683,0.5732322440122231,13,0,0.7347160734383544,-0.1820682581527768,0.4716236616044094
11_0nm_00run_250d.txt,tSNE,2,64,48,0,0,7656,12,759,0.6258812916886776,0.5552992234260921,13,0,0.7347160734383544,-0.1820682581527769,0.4716236616044095
11_0nm_00run_250d.txt,tSNE,2,64,64,0,0,7656,12,877,0.6089202988440818,0.5866467247446022,14,61,0.7811923264894539,-0.3150869159499379,0.322730339712827
11_0nm_00run_250d.txt,tSNE,2,128,64,0,0,7656,12,877,0.6089202988440818,0.5866467247446022,14,61,0.7811923264894539,-0.3150869159499379,0.322730339712827
11_0nm_00run_250d.txt,tSNE,2,128,96,0,0,7656,12,1114,0.5758888763525373,0.6682424611475961,13,262,0.7044617697776044,0.0104120531202888,0.4717660052269932
11_0nm_00run_250d.txt,tSNE,2,128,128,0,0,7656,11,1132,0.5368208811772744,0.6331359925765664,12,771,0.6073113287502541,0.3876458255415057,0.4491596518841185
11_0nm_00run_250d.txt,tSNE,2,256,128,0,0,7656,10,837,0.5366404961341243,0.6263877019879978,11,706,0.579925391896208,0.2531296215311549,0.4362308354626287
11_0nm_00run_250d.txt,tSNE,2,256,192,0,0,7656,10,1100,0.5010989780435335,0.6036416694241304,2,768,0.0184460776276011,-0.5754258561777313,-0.0956888702545255
11_0nm_00run_250d.txt,tSNE,2,256,256,0,0,7656,8,1163,0.4622211892173903,0.5390591398903969,2,1775,0.0279461784189223,-0.489117279803151,0.0783971937897825
11_0nm_00run_250d.txt,tSNE,3,4,2,0,0,7656,459,1599,0.2575639167073674,0.435269289823173,746,1114,0.0267979499783655,0.2749163482626904,0.3710955877387007
11_0nm_00run_250d.txt,tSNE,3,4,3,0,0,7656,274,1650,0.3263497910128179,0.4769221166614629,571,1385,0.0819725583138814,0.2890343918734283,0.3871907381875812
11_0nm_00run_250d.txt,tSNE,3,4,4,0,0,7656,109,1081,0.5155196956061957,0.533420958272158,300,1102,0.3690345562926673,0.3376208093472386,0.361144603734275
11_0nm_00run_250d.txt,tSNE,3,8,4,0,0,7656,61,991,0.532776739915629,0.5258424780769483,156,694,0.4641778590767685,0.2920581412450378,0.3348419693560612
11_0nm_00run_250d.txt,tSNE,3,8,6,0,0,7656,27,593,0.6154729981830237,0.5738620881476805,110,726,0.5544255090401617,0.3026544392124932,0.2819874465256315
11_0nm_00run_250d.txt,tSNE,3,8,8,0,0,7656,20,632,0.6019273448921164,0.5733151944484889,27,174,0.479410396059404,0.1424219565643053,0.1110881535989942
11_0nm_00run_250d.txt,tSNE,3,16,8,0,0,7656,15,505,0.6244443870585406,0.5481453673634316,8,0,0.5097020682385291,0.1818072476208562,0.1509614955602906
11_0nm_00run_250d.txt,tSNE,3,16,12,0,0,7656,17,698,0.6061411160090383,0.4884965847828834,8,2,0.5097886193231982,0.181925304395423,0.1785840476003951
11_0nm_00run_250d.txt,tSNE,3,16,16,0,0,7656,15,697,0.6522466568077556,0.548720461404809,8,5,0.509945861284176,0.2082820752879539,0.1951563635278565
11_0nm_00run_250d.txt,tSNE,3,32,16,0,0,7656,13,556,0.6603500261901974,0.5521702405218021,8,5,0.509945861284176,0.2082820752879539,0.1951563635278565
11_0nm_00run_250d.txt,tSNE,3,32,24,0,0,7656,13,665,0.6461079893377457,0.5139342942066729,10,154,0.6076815147105619,0.2669379254446754,0.2513213710499328
11_0nm_00run_250d.txt,tSNE,3,32,32,0,0,7656,12,641,0.646798516848683,0.5732322440122231,10,106,0.6067632960188866,0.257002455668306,0.0887100304522448
11_0nm_00run_250d.txt,tSNE,3,64,32,0,0,7656,12,641,0.646798516848683,0.5732322440122231,11,124,0.6086201635006984,0.2613272190988732,0.0862055062456739
11_0nm_00run_250d.txt,tSNE,3,64,48,0,0,7656,12,759,0.6258812916886776,0.5552992234260921,9,180,0.594221671419963,0.4534364369757544,0.3329852814090754
11_0nm_00run_250d.txt,tSNE,3,64,64,0,0,7656,12,877,0.6089202988440818,0.5866467247446022,11,638,0.6336642954643217,0.3288709324609023,0.1580707404641117
11_0nm_00run_250d.txt,tSNE,3,128,64,0,0,7656,12,877,0.6089202988440818,0.5866467247446022,11,638,0.6336642954643217,0.3288709324609023,0.1580707404641117
11_0nm_00run_250d.txt,tSNE,3,128,96,0,0,7656,12,1114,0.5758888763525373,0.6682424611475961,10,710,0.3995022947445814,-0.1391824483628019,-0.2439586693270277
11_0nm_00run_250d.txt,tSNE,3,128,128,0,0,7656,11,1132,0.5368208811772744,0.6331359925765664,2,20,0.0165289969023073,-0.8829624890314529,-0.6890989055093542
11_0nm_00run_250d.txt,tSNE,3,256,128,0,0,7656,10,837,0.5366404961341243,0.6263877019879978,2,20,0.0165289969023073,-0.8829624890314529,-0.6890989055093542
11_0nm_00run_250d.txt,tSNE,3,256,192,0,0,7656,10,1100,0.5010989780435335,0.6036416694241304,3,6097,0.0250574286084095,0.0430935214227608,0.0828655139351014
11_0nm_00run_250d.txt,tSNE,3,256,256,0,0,7656,8,1163,0.4622211892173903,0.5390591398903969,2,6287,0.0155684987038664,-0.1258139230355511,-0.0498055689152655
11_0nm_00run_250d.txt,UMAP,2,4,2,0,0,7656,459,1599,0.2575639167073674,0.435269289823173,766,880,0.030019297232293,0.0808426180547661,0.4737211071226668
11_0nm_00run_250d.txt,UMAP,2,4,3,0,0,7656,274,1650,0.3263497910128179,0.4769221166614629,657,1060,0.0316005059207515,0.0844672054087956,0.4876234946911353
11_0nm_00run_250d.txt,UMAP,2,4,4,0,0,7656,109,1081,0.5155196956061957,0.533420958272158,526,1210,0.0351473474210663,0.079431788071234,0.5059279678239834
11_0nm_00run_250d.txt,UMAP,2,8,4,0,0,7656,61,991,0.532776739915629,0.5258424780769483,363,926,0.0641880422305926,0.0292369863113594,0.4512440276782087
11_0nm_00run_250d.txt,UMAP,2,8,6,0,0,7656,27,593,0.6154729981830237,0.5738620881476805,315,1134,0.0660531963639836,0.0625673993495917,0.5079870474716855
11_0nm_00run_250d.txt,UMAP,2,8,8,0,0,7656,20,632,0.6019273448921164,0.5733151944484889,272,1400,0.0646291427343879,0.0765209551605907,0.5059545546800569
11_0nm_00run_250d.txt,UMAP,2,16,8,0,0,7656,15,505,0.6244443870585406,0.5481453673634316,157,1006,0.243177944637647,-0.0066930219053921,0.4359511818532192
11_0nm_00run_250d.txt,UMAP,2,16,12,0,0,7656,17,698,0.6061411160090383,0.4884965847828834,119,996,0.3822839201352078,-0.0845122450762109,0.4051324367001566
11_0nm_00run_250d.txt,UMAP,2,16,16,0,0,7656,15,697,0.6522466568077556,0.548720461404809,71,778,0.5675014283181237,0.0484526675547699,0.5411850931935569
11_0nm_00run_250d.txt,UMAP,2,32,16,0,0,7656,13,556,0.6603500261901974,0.5521702405218021,33,370,0.6895073776185338,-0.0712709283189729,0.5513743582068397
11_0nm_00run_250d.txt,UMAP,2,32,24,0,0,7656,13,665,0.6461079893377457,0.5139342942066729,32,361,0.6775568167853845,-0.0908007729497228,0.5008927122973963
11_0nm_00run_250d.txt,UMAP,2,32,32,0,0,7656,12,641,0.646798516848683,0.5732322440122231,21,140,0.6942465271249173,-0.352833174471016,0.2073143995674671
11_0nm_00run_250d.txt,UMAP,2,64,32,0,0,7656,12,641,0.646798516848683,0.5732322440122231,18,121,0.6943929710424802,-0.3635762292026993,0.2024274463524923
11_0nm_00run_250d.txt,UMAP,2,64,48,0,0,7656,12,759,0.6258812916886776,0.5552992234260921,17,245,0.775374008497871,-0.172729835688415,0.3865768499977056
11_0nm_00run_250d.txt,UMAP,2,64,64,0,0,7656,12,877,0.6089202988440818,0.5866467247446022,15,340,0.7791318099411674,-0.1350849280814375,0.3226145812397427
11_0nm_00run_250d.txt,UMAP,2,128,64,0,0,7656,12,877,0.6089202988440818,0.5866467247446022,15,340,0.7791318099411674,-0.1350849280814375,0.3226145812397427
11_0nm_00run_250d.txt,UMAP,2,128,96,0,0,7656,12,1114,0.5758888763525373,0.6682424611475961,10,113,0.5623132763060752,-0.2012059159769073,0.1066736783399483
11_0nm_00run_250d.txt,UMAP,2,128,128,0,0,7656,11,1132,0.5368208811772744,0.6331359925765664,10,146,0.554965050202873,-0.1460938791431861,0.3640734665027851
11_0nm_00run_250d.txt,UMAP,2,256,128,0,0,7656,10,837,0.5366404961341243,0.6263877019879978,10,146,0.554965050202873,-0.1460938791431861,0.3640734665027851
11_0nm_00run_250d.txt,UMAP,2,256,192,0,0,7656,10,1100,0.5010989780435335,0.6036416694241304,8,243,0.2725638662923604,-0.2177438194888155,0.6005757380018957
11_0nm_00run_250d.txt,UMAP,2,256,256,0,0,7656,8,1163,0.4622211892173903,0.5390591398903969,8,792,0.2489921720048875,0.089038310208254,0.5654840460152073
11_0nm_00run_250d.txt,UMAP,3,4,2,0,0,7656,459,1599,0.2575639167073674,0.435269289823173,737,868,0.0326798642102281,0.0697492545942245,0.4937472443108332
11_0nm_00run_250d.txt,UMAP,3,4,3,0,0,7656,274,1650,0.3263497910128179,0.4769221166614629,642,1048,0.0358612425476969,0.077158794642993,0.5045141337196096
11_0nm_00run_250d.txt,UMAP,3,4,4,0,0,7656,109,1081,0.5155196956061957,0.533420958272158,518,1156,0.0405782861395525,0.0826497728165617,0.494215151142923
11_0nm_00run_250d.txt,UMAP,3,8,4,0,0,7656,61,991,0.532776739915629,0.5258424780769483,353,981,0.0609500774072369,0.0357931453342939,0.4749630233872672
11_0nm_00run_250d.txt,UMAP,3,8,6,0,0,7656,27,593,0.6154729981830237,0.5738620881476805,293,1101,0.0792844985501268,0.0638585383928962,0.4819778290473607
11_0nm_00run_250d.txt,UMAP,3,8,8,0,0,7656,20,632,0.6019273448921164,0.5733151944484889,252,1282,0.1525214061757334,0.0286652515865494,0.464590750153415
11_0nm_00run_250d.txt,UMAP,3,16,8,0,0,7656,15,505,0.6244443870585406,0.5481453673634316,124,654,0.4495057816775733,-0.0771245329888353,0.3695410154376976
11_0nm_00run_250d.txt,UMAP,3,16,12,0,0,7656,17,698,0.6061411160090383,0.4884965847828834,96,672,0.4953000496471438,0.0471289448768986,0.580549917274557
11_0nm_00run_250d.txt,UMAP,3,16,16,0,0,7656,15,697,0.6522466568077556,0.548720461404809,77,561,0.566723502128551,0.1033491137748012,0.5515430926206043
11_0nm_00run_250d.txt,UMAP,3,32,16,0,0,7656,13,556,0.6603500261901974,0.5521702405218021,34,156,0.6528878867725793,0.0207130190400834,0.5526070726899168
11_0nm_00run_250d.txt,UMAP,3,32,24,0,0,7656,13,665,0.6461079893377457,0.5139342942066729,19,96,0.3286247087115902,-0.212575181549404,0.5992986451643508
11_0nm_00run_250d.txt,UMAP,3,32,32,0,0,7656,12,641,0.646798516848683,0.5732322440122231,13,86,0.3646125695903813,-0.2268089423467503,0.3299371136887462
11_0nm_00run_250d.txt,UMAP,3,64,32,0,0,7656,12,641,0.646798516848683,0.5732322440122231,11,47,0.3676599519792132,-0.2316147882671914,0.3281985875174469
11_0nm_00run_250d.txt,UMAP,3,64,48,0,0,7656,12,759,0.6258812916886776,0.5552992234260921,7,0,0.3365994498609672,-0.0674874461303674,0.7682398348501032
11_0nm_00run_250d.txt,UMAP,3,64,64,0,0,7656,12,877,0.6089202988440818,0.5866467247446022,9,0,0.5034172129122888,-0.2084629275507537,0.2292031981134457
11_0nm_00run_250d.txt,UMAP,3,128,64,0,0,7656,12,877,0.6089202988440818,0.5866467247446022,9,0,0.5034172129122888,-0.2084629275507537,0.2292031981134457
11_0nm_00run_250d.txt,UMAP,3,128,96,0,0,7656,12,1114,0.5758888763525373,0.6682424611475961,7,0,0.3365994498609672,-0.0674874461303674,0.7682398348501032
11_0nm_00run_250d.txt,UMAP,3,128,128,0,0,7656,11,1132,0.5368208811772744,0.6331359925765664,7,0,0.3365994498609672,-0.0674874461303674,0.7682398348501032
11_0nm_00run_250d.txt,UMAP,3,256,128,0,0,7656,10,837,0.5366404961341243,0.6263877019879978,7,0,0.3365994498609672,-0.0674874461303674,0.7682398348501032
11_0nm_00run_250d.txt,UMAP,3,256,192,0,0,7656,10,1100,0.5010989780435335,0.6036416694241304,7,66,0.3363026331680229,0.0592970946577545,0.7684031005928902
11_0nm_00run_250d.txt,UMAP,3,256,256,0,0,7656,8,1163,0.4622211892173903,0.5390591398903969,7,356,0.326959234367528,0.1467274094481284,0.7555042355412119
11_0nm_00run_250d.txt,TriMap,2,4,2,0,0,7656,459,1599,0.2575639167073674,0.435269289823173,655,1208,0.0308144138900666,-0.0117713902063816,0.3882271410749623
11_0nm_00run_250d.txt,TriMap,2,4,3,0,0,7656,274,1650,0.3263497910128179,0.4769221166614629,560,1454,0.0343856994409348,0.0311814218303004,0.4106183524823729
11_0nm_00run_250d.txt,TriMap,2,4,4,0,0,7656,109,1081,0.5155196956061957,0.533420958272158,440,1591,0.043584579700069,0.0314138579685014,0.4198085661405958
11_0nm_00run_250d.txt,TriMap,2,8,4,0,0,7656,61,991,0.532776739915629,0.5258424780769483,315,1363,0.0542219733533449,0.0001238735876571,0.3883107573345894
11_0nm_00run_250d.txt,TriMap,2,8,6,0,0,7656,27,593,0.6154729981830237,0.5738620881476805,268,1571,0.0578527656412508,0.0684013628973053,0.4338211124165646
11_0nm_00run_250d.txt,TriMap,2,8,8,0,0,7656,20,632,0.6019273448921164,0.5733151944484889,216,1695,0.0917755985695693,0.0514177393993144,0.4352158210303849
11_0nm_00run_250d.txt,TriMap,2,16,8,0,0,7656,15,505,0.6244443870585406,0.5481453673634316,59,379,0.604765051640093,-0.1215963374839139,0.2203135150877506
11_0nm_00run_250d.txt,TriMap,2,16,12,0,0,7656,17,698,0.6061411160090383,0.4884965847828834,66,772,0.575889875308541,-0.0735752273973547,0.2587044801368623
11_0nm_00run_250d.txt,TriMap,2,16,16,0,0,7656,15,697,0.6522466568077556,0.548720461404809,57,781,0.6050990852312551,0.0584136155184308,0.4582226784998341
11_0nm_00run_250d.txt,TriMap,2,32,16,0,0,7656,13,556,0.6603500261901974,0.5521702405218021,12,86,0.4757382240871132,0.0203455726894118,0.1745202892387143
11_0nm_00run_250d.txt,TriMap,2,32,24,0,0,7656,13,665,0.6461079893377457,0.5139342942066729,22,321,0.6773106815566808,-0.019694243877402,0.340396247886821
11_0nm_00run_250d.txt,TriMap,2,32,32,0,0,7656,12,641,0.646798516848683,0.5732322440122231,15,139,0.5768393315054555,-0.1691521640294354,0.0760189886436731
11_0nm_00run_250d.txt,TriMap,2,64,32,0,0,7656,12,641,0.646798516848683,0.5732322440122231,13,80,0.703626089597992,-0.1672219854996409,0.1302304175354163
11_0nm_00run_250d.txt,TriMap,2,64,48,0,0,7656,12,759,0.6258812916886776,0.5552992234260921,10,30,0.484053789533814,-0.2728581715494518,-0.0176690613525398
11_0nm_00run_250d.txt,TriMap,2,64,64,0,0,7656,12,877,0.6089202988440818,0.5866467247446022,10,154,0.390840033429669,-0.0139529420239797,0.1271887593554146
11_0nm_00run_250d.txt,TriMap,2,128,64,0,0,7656,12,877,0.6089202988440818,0.5866467247446022,11,186,0.6229249899740448,-0.1111605729469844,0.1849617627004955
11_0nm_00run_250d.txt,TriMap,2,128,96,0,0,7656,12,1114,0.5758888763525373,0.6682424611475961,9,234,0.4052711939956009,0.2151372446233544,0.2470580229921701
11_0nm_00run_250d.txt,TriMap,2,128,128,0,0,7656,11,1132,0.5368208811772744,0.6331359925765664,9,363,0.4917301986191791,-0.2166336834749066,0.0474091105447631
11_0nm_00run_250d.txt,TriMap,2,256,128,0,0,7656,10,837,0.5366404961341243,0.6263877019879978,8,229,0.3192308643002633,-0.1311031055865171,0.50105384917797
11_0nm_00run_250d.txt,TriMap,2,256,192,0,0,7656,10,1100,0.5010989780435335,0.6036416694241304,7,288,0.3011741422568566,-0.1794329070149917,-0.1326752186388312
11_0nm_00run_250d.txt,TriMap,2,256,256,0,0,7656,8,1163,0.4622211892173903,0.5390591398903969,3,83,0.1955435502803194,-0.254695086512826,0.064086668085354
11_0nm_00run_250d.txt,TriMap,3,4,2,0,0,7656,459,1599,0.2575639167073674,0.435269289823173,680,1271,0.029519754580131,0.0353456260273533,0.3875715591451641
11_0nm_00run_250d.txt,TriMap,3,4,3,0,0,7656,274,1650,0.3263497910128179,0.4769221166614629,551,1480,0.0334082568133624,0.0610458395535563,0.4084606892873887
11_0nm_00run_250d.txt,TriMap,3,4,4,0,0,7656,109,1081,0.5155196956061957,0.533420958272158,433,1605,0.0364860499342201,0.0696577834106346,0.4372162435913106
11_0nm_00run_250d.txt,TriMap,3,8,4,0,0,7656,61,991,0.532776739915629,0.5258424780769483,327,1426,0.0531711436189839,0.036250939759375,0.4039935349432927
11_0nm_00run_250d.txt,TriMap,3,8,6,0,0,7656,27,593,0.6154729981830237,0.5738620881476805,216,1210,0.2257451991477159,-0.0608327945850789,0.3866733434555287
11_0nm_00run_250d.txt,TriMap,3,8,8,0,0,7656,20,632,0.6019273448921164,0.5733151944484889,158,1232,0.3338650798207475,0.1668053708033676,0.5171644884730457
11_0nm_00run_250d.txt,TriMap,3,16,8,0,0,7656,15,505,0.6244443870585406,0.5481453673634316,61,451,0.4842072350280929,0.0007790057242877,0.436544295184972
11_0nm_00run_250d.txt,TriMap,3,16,12,0,0,7656,17,698,0.6061411160090383,0.4884965847828834,66,677,0.557448127744151,0.0625156507209448,0.4855281230660586
11_0nm_00run_250d.txt,TriMap,3,16,16,0,0,7656,15,697,0.6522466568077556,0.548720461404809,45,519,0.478384775454555,0.0675325390387544,0.5896721269770749
11_0nm_00run_250d.txt,TriMap,3,32,16,0,0,7656,13,556,0.6603500261901974,0.5521702405218021,13,67,0.5469448546614204,0.0462968364390422,0.5473594603545634
11_0nm_00run_250d.txt,TriMap,3,32,24,0,0,7656,13,665,0.6461079893377457,0.5139342942066729,11,34,0.6695182262489201,0.0602054289726731,0.3284772401253398
11_0nm_00run_250d.txt,TriMap,3,32,32,0,0,7656,12,641,0.646798516848683,0.5732322440122231,12,41,0.6343602471023271,-0.0939670246952067,0.2360484481176874
11_0nm_00run_250d.txt,TriMap,3,64,32,0,0,7656,12,641,0.646798516848683,0.5732322440122231,12,45,0.5859134420554237,-0.1224863327010047,0.2609925929211413
11_0nm_00run_250d.txt,TriMap,3,64,48,0,0,7656,12,759,0.6258812916886776,0.5552992234260921,14,136,0.7306433733268753,-0.1219708829783133,0.2517344336380813
11_0nm_00run_250d.txt,TriMap,3,64,64,0,0,7656,12,877,0.6089202988440818,0.5866467247446022,13,192,0.5651515823944073,0.041972388963915,0.3941135979343576
11_0nm_00run_250d.txt,TriMap,3,128,64,0,0,7656,12,877,0.6089202988440818,0.5866467247446022,11,57,0.5976382595854547,-0.0854468413068434,0.3895716157132018
11_0nm_00run_250d.txt,TriMap,3,128,96,0,0,7656,12,1114,0.5758888763525373,0.6682424611475961,12,270,0.6706326449743006,-0.0245798721753442,0.1624663692799697
11_0nm_00run_250d.txt,TriMap,3,128,128,0,0,7656,11,1132,0.5368208811772744,0.6331359925765664,12,441,0.6876625290202265,0.3860049675903818,0.5623422986767501
11_0nm_00run_250d.txt,TriMap,3,256,128,0,0,7656,10,837,0.5366404961341243,0.6263877019879978,10,180,0.565453610006364,0.3395849642343476,0.6359657618440632
11_0nm_00run_250d.txt,TriMap,3,256,192,0,0,7656,10,1100,0.5010989780435335,0.6036416694241304,8,675,0.2923625506910374,0.2243595692642797,0.5716878314051925
11_0nm_00run_250d.txt,TriMap,3,256,256,0,0,7656,8,1163,0.4622211892173903,0.5390591398903969,5,799,0.2655244966308295,0.1947568466247103,0.4458171340874445
11_0nm_00run_250d.txt,PaCMAP,2,4,2,10,0,7656,459,1599,0.2575639167073674,0.435269289823173,722,1158,0.0282936143446558,0.0121157946793306,0.4290474438495609
11_0nm_00run_250d.txt,PaCMAP,2,4,3,10,0,7656,274,1650,0.3263497910128179,0.4769221166614629,602,1470,0.0269633407628496,0.0257060411693146,0.4417632830650871
11_0nm_00run_250d.txt,PaCMAP,2,4,4,10,0,7656,109,1081,0.5155196956061957,0.533420958272158,471,1585,0.0355063320131615,0.0403065021569301,0.4568054200330801
11_0nm_00run_250d.txt,PaCMAP,2,8,4,10,0,7656,61,991,0.532776739915629,0.5258424780769483,325,1362,0.0550480056959903,-0.0036950309766498,0.4217154380837407
11_0nm_00run_250d.txt,PaCMAP,2,8,6,10,0,7656,27,593,0.6154729981830237,0.5738620881476805,211,980,0.2329358404478279,-0.0879675416826584,0.3954335587757319
11_0nm_00run_250d.txt,PaCMAP,2,8,8,10,0,7656,20,632,0.6019273448921164,0.5733151944484889,182,1154,0.2326840928620461,-0.0710884512483907,0.3924117753981108
11_0nm_00run_250d.txt,PaCMAP,2,16,8,10,0,7656,15,505,0.6244443870585406,0.5481453673634316,85,586,0.3292337128070294,-0.1103630148661059,0.3911854585576697
11_0nm_00run_250d.txt,PaCMAP,2,16,12,10,0,7656,17,698,0.6061411160090383,0.4884965847828834,51,301,0.3829649888042358,0.0290978066054788,0.4525467029051522
11_0nm_00run_250d.txt,PaCMAP,2,16,16,10,0,7656,15,697,0.6522466568077556,0.548720461404809,40,347,0.4086088875497966,0.0994339305230836,0.4486586026656203
11_0nm_00run_250d.txt,PaCMAP,2,32,16,10,0,7656,13,556,0.6603500261901974,0.5521702405218021,20,91,0.4573700653610344,-0.0060542105533408,0.3985969010661812
11_0nm_00run_250d.txt,PaCMAP,2,32,24,10,0,7656,13,665,0.6461079893377457,0.5139342942066729,11,21,0.4601984297565047,0.0681251788861104,0.436345921796231
11_0nm_00run_250d.txt,PaCMAP,2,32,32,10,0,7656,12,641,0.646798516848683,0.5732322440122231,8,0,0.4619308206246318,0.1598792119442507,0.4830882779323882
11_0nm_00run_250d.txt,PaCMAP,2,64,32,10,0,7656,12,641,0.646798516848683,0.5732322440122231,8,0,0.4619308206246318,0.1598792119442507,0.4830882779323882
11_0nm_00run_250d.txt,PaCMAP,2,64,48,10,0,7656,12,759,0.6258812916886776,0.5552992234260921,11,72,0.4960648547593427,-0.0703614731718509,0.334325351991325
11_0nm_00run_250d.txt,PaCMAP,2,64,64,10,0,7656,12,877,0.6089202988440818,0.5866467247446022,7,0,0.469185221055461,0.2222752836299288,0.5057151523525415
11_0nm_00run_250d.txt,PaCMAP,2,128,64,10,0,7656,12,877,0.6089202988440818,0.5866467247446022,7,0,0.469185221055461,0.2222752836299288,0.5057151523525415
11_0nm_00run_250d.txt,PaCMAP,2,128,96,10,0,7656,12,1114,0.5758888763525373,0.6682424611475961,7,0,0.469185221055461,0.2222752836299288,0.5057151523525416
11_0nm_00run_250d.txt,PaCMAP,2,128,128,10,0,7656,11,1132,0.5368208811772744,0.6331359925765664,8,55,0.4894571628371236,-0.0634317625493937,0.2814570942841298
11_0nm_00run_250d.txt,PaCMAP,2,256,128,10,0,7656,10,837,0.5366404961341243,0.6263877019879978,8,55,0.4894571628371236,-0.0634317625493937,0.2814570942841298
11_0nm_00run_250d.txt,PaCMAP,2,256,192,10,0,7656,10,1100,0.5010989780435335,0.6036416694241304,7,319,0.4610131005436084,0.2449509632832089,0.5793099026101309
11_0nm_00run_250d.txt,PaCMAP,2,256,256,10,0,7656,8,1163,0.4622211892173903,0.5390591398903969,9,1102,0.4677744671902955,0.449216173156523,0.5584002160615184
11_0nm_00run_250d.txt,PaCMAP,3,4,2,10,0,7656,459,1599,0.2575639167073674,0.435269289823173,706,1184,0.0294353197884492,0.0117167848107987,0.4233017414494066
11_0nm_00run_250d.txt,PaCMAP,3,4,3,10,0,7656,274,1650,0.3263497910128179,0.4769221166614629,607,1454,0.0268437186167372,0.0517073207883295,0.4585301268752936
11_0nm_00run_250d.txt,PaCMAP,3,4,4,10,0,7656,109,1081,0.5155196956061957,0.533420958272158,462,1617,0.0343429112000462,0.0653216469463261,0.466342204404195
11_0nm_00run_250d.txt,PaCMAP,3,8,4,10,0,7656,61,991,0.532776739915629,0.5258424780769483,318,1297,0.0606285135092705,0.0195145310634561,0.4374473095007553
11_0nm_00run_250d.txt,PaCMAP,3,8,6,10,0,7656,27,593,0.6154729981830237,0.5738620881476805,210,1036,0.2308599309345721,-0.0832636346442476,0.4697535901150713
11_0nm_00run_250d.txt,PaCMAP,3,8,8,10,0,7656,20,632,0.6019273448921164,0.5733151944484889,172,1069,0.249600326151934,-0.0813452827899483,0.4919483966598854
11_0nm_00run_250d.txt,PaCMAP,3,16,8,10,0,7656,15,505,0.6244443870585406,0.5481453673634316,58,328,0.4191408311327242,-0.0043173562340945,0.6596533246454819
11_0nm_00run_250d.txt,PaCMAP,3,16,12,10,0,7656,17,698,0.6061411160090383,0.4884965847828834,55,354,0.5186436813414517,-0.0513854318470806,0.4849535889803402
11_0nm_00run_250d.txt,PaCMAP,3,16,16,10,0,7656,15,697,0.6522466568077556,0.548720461404809,39,297,0.4522637723525594,0.0415172765203118,0.6522088710309293
11_0nm_00run_250d.txt,PaCMAP,3,32,16,10,0,7656,13,556,0.6603500261901974,0.5521702405218021,16,46,0.5028818767122252,0.0505184809698647,0.6632632325472256
11_0nm_00run_250d.txt,PaCMAP,3,32,24,10,0,7656,13,665,0.6461079893377457,0.5139342942066729,9,7,0.5017395509591739,0.1390151595607864,0.7228271661620901
11_0nm_00run_250d.txt,PaCMAP,3,32,32,10,0,7656,12,641,0.646798516848683,0.5732322440122231,11,10,0.5244618030038228,0.0033646778560925,0.5669719169432346
11_0nm_00run_250d.txt,PaCMAP,3,64,32,10,0,7656,12,641,0.646798516848683,0.5732322440122231,11,10,0.5244618030038228,0.0033646778560925,0.5669719169432346
11_0nm_00run_250d.txt,PaCMAP,3,64,48,10,0,7656,12,759,0.6258812916886776,0.5552992234260921,9,4,0.5017114773046492,0.1232086262168321,0.693690136232738
11_0nm_00run_250d.txt,PaCMAP,3,64,64,10,0,7656,12,877,0.6089202988440818,0.5866467247446022,8,2,0.5097087515835143,0.1819253043954231,0.7321835275298092
11_0nm_00run_250d.txt,PaCMAP,3,128,64,10,0,7656,12,877,0.6089202988440818,0.5866467247446022,8,2,0.5097087515835143,0.1819253043954231,0.7321835275298092
11_0nm_00run_250d.txt,PaCMAP,3,128,96,10,0,7656,12,1114,0.5758888763525373,0.6682424611475961,8,0,0.5097020682385291,0.1818072476208562,0.7322571017087071
11_0nm_00run_250d.txt,PaCMAP,3,128,128,10,0,7656,11,1132,0.5368208811772744,0.6331359925765664,7,0,0.3792089647740503,-0.1559514481708171,0.0323676094307739
11_0nm_00run_250d.txt,PaCMAP,3,256,128,10,0,7656,10,837,0.5366404961341243,0.6263877019879978,7,0,0.3792089647740503,-0.1559514481708171,0.0323676094307739
11_0nm_00run_250d.txt,PaCMAP,3,256,192,10,0,7656,10,1100,0.5010989780435335,0.6036416694241304,6,0,0.2857025332026989,0.2854594697920253,0.6621969237081756
11_0nm_00run_250d.txt,PaCMAP,3,256,256,10,0,7656,8,1163,0.4622211892173903,0.5390591398903969,6,0,0.2857025332026989,0.2854594697920253,0.6621969237081756
25_0nm_04run_2000d.txt,tSNE,2,4,2,0,0,6202,490,1605,0.0825612723703687,,522,748,0.0934749858709602,,0.3737124822120152
25_0nm_04run_2000d.txt,tSNE,2,4,3,0,0,6202,309,1769,0.2045251556058961,,379,826,0.1592490952017999,,0.3686225851594683
25_0nm_04run_2000d.txt,tSNE,2,4,4,0,0,6202,108,1040,0.3899625371932957,,142,420,0.4498044254765479,,0.1081414888999485
25_0nm_04run_2000d.txt,tSNE,2,8,4,0,0,6202,45,607,0.5901976961092715,,76,236,0.5364060353944471,,0.1182635017836136
25_0nm_04run_2000d.txt,tSNE,2,8,6,0,0,6202,17,228,0.5382585627078067,,44,99,0.5739081837641455,,0.0691290686351463
25_0nm_04run_2000d.txt,tSNE,2,8,8,0,0,6202,24,573,0.6811556526334757,,20,23,0.5941897400560796,,0.1530799989509149
25_0nm_04run_2000d.txt,tSNE,2,16,8,0,0,6202,20,492,0.6630453921769714,,18,14,0.593265651573909,,0.1502000893045413
25_0nm_04run_2000d.txt,tSNE,2,16,12,0,0,6202,16,497,0.6654993849101414,,14,0,0.6216314315006846,,0.1698564559457434
25_0nm_04run_2000d.txt,tSNE,2,16,16,0,0,6202,18,628,0.63318293856267,,12,0,0.6161032690701308,,0.2709677465683412
25_0nm_04run_2000d.txt,tSNE,2,32,16,0,0,6202,17,678,0.6037987939207476,,12,0,0.6161032690701308,,0.2709677465683412
25_0nm_04run_2000d.txt,tSNE,2,32,24,0,0,6202,13,515,0.6332215715337807,,12,0,0.6161032690701308,,0.2709677465683412
25_0nm_04run_2000d.txt,tSNE,2,32,32,0,0,6202,11,391,0.6558256871388017,,12,0,0.6161032690701308,,0.2709677465683412
25_0nm_04run_2000d.txt,tSNE,2,64,32,0,0,6202,10,371,0.6639276752112251,,12,0,0.6161032690701308,,0.2709677465683412
25_0nm_04run_2000d.txt,tSNE,2,64,48,0,0,6202,7,187,0.5881507620085762,,11,0,0.5979498146668643,,0.3079402213899038
25_0nm_04run_2000d.txt,tSNE,2,64,64,0,0,6202,9,679,0.5630520967685281,,12,48,0.5857498890033316,,0.1593032940223965
25_0nm_04run_2000d.txt,tSNE,2,128,64,0,0,6202,7,241,0.5807929238557872,,10,150,0.5651573723215245,,0.1562834153301883
25_0nm_04run_2000d.txt,tSNE,2,128,96,0,0,6202,7,353,0.5672628000596885,,11,331,0.5785763188013207,,0.1474057193534389
25_0nm_04run_2000d.txt,tSNE,2,128,128,0,0,6202,7,471,0.5549523082234047,0.6349046947046336,10,950,0.547195264258001,,0.3146463445900412
25_0nm_04run_2000d.txt,tSNE,2,256,128,0,0,6202,7,471,0.5549523082234047,0.6349046947046336,9,799,0.5501982531286695,,0.2000052595550918
25_0nm_04run_2000d.txt,tSNE,2,256,192,0,0,6202,7,879,0.4960551274147876,,3,1220,0.0646294071912332,,0.0691736497042767
25_0nm_04run_2000d.txt,tSNE,2,256,256,0,0,6202,5,593,0.3746887848336003,0.6030707699539348,2,995,0.0388056794927662,-0.7841471175167617,-0.1331571598483852
25_0nm_04run_2000d.txt,tSNE,3,4,2,0,0,6202,490,1605,0.0825612723703687,,559,915,0.1075097227374713,,0.3873817152239741
25_0nm_04run_2000d.txt,tSNE,3,4,3,0,0,6202,309,1769,0.2045251556058961,,363,955,0.3117254741136857,,0.4277785849717981
25_0nm_04run_2000d.txt,tSNE,3,4,4,0,0,6202,108,1040,0.3899625371932957,,8,0,0.5704885262433254,,0.4841663127771748
25_0nm_04run_2000d.txt,tSNE,3,8,4,0,0,6202,45,607,0.5901976961092715,,8,0,0.5704885262433254,,0.4841663127771748
25_0nm_04run_2000d.txt,tSNE,3,8,6,0,0,6202,17,228,0.5382585627078067,,8,0,0.5704885262433254,,0.4841663127771748
25_0nm_04run_2000d.txt,tSNE,3,8,8,0,0,6202,24,573,0.6811556526334757,,8,0,0.5704885262433254,,0.4841663127771748
25_0nm_04run_2000d.txt,tSNE,3,16,8,0,0,6202,20,492,0.6630453921769714,,8,0,0.5704885262433254,,0.4841663127771748
25_0nm_04run_2000d.txt,tSNE,3,16,12,0,0,6202,16,497,0.6654993849101414,,8,0,0.5704885262433254,,0.4841663127771748
25_0nm_04run_2000d.txt,tSNE,3,16,16,0,0,6202,18,628,0.63318293856267,,8,0,0.5704885262433254,,0.4841663127771748
25_0nm_04run_2000d.txt,tSNE,3,32,16,0,0,6202,17,678,0.6037987939207476,,8,0,0.5704885262433254,,0.4841663127771748
25_0nm_04run_2000d.txt,tSNE,3,32,24,0,0,6202,13,515,0.6332215715337807,,8,0,0.5704885262433254,,0.4841663127771748
25_0nm_04run_2000d.txt,tSNE,3,32,32,0,0,6202,11,391,0.6558256871388017,,8,0,0.5704885262433254,,0.4841663127771748
25_0nm_04run_2000d.txt,tSNE,3,64,32,0,0,6202,10,371,0.6639276752112251,,8,0,0.5704885262433254,,0.4841663127771748
25_0nm_04run_2000d.txt,tSNE,3,64,48,0,0,6202,7,187,0.5881507620085762,,8,0,0.5704885262433254,,0.4841663127771748
25_0nm_04run_2000d.txt,tSNE,3,64,64,0,0,6202,9,679,0.5630520967685281,,8,62,0.5626474295938798,,0.4804071776193226
25_0nm_04run_2000d.txt,tSNE,3,128,64,0,0,6202,7,241,0.5807929238557872,,8,62,0.5626474295938798,,0.4804071776193226
25_0nm_04run_2000d.txt,tSNE,3,128,96,0,0,6202,7,353,0.5672628000596885,,8,504,0.5136831770718016,,0.4607209480198339
25_0nm_04run_2000d.txt,tSNE,3,128,128,0,0,6202,7,471,0.5549523082234047,0.6349046947046336,7,1288,0.3340719194696498,,0.2989087208661616
25_0nm_04run_2000d.txt,tSNE,3,256,128,0,0,6202,7,471,0.5549523082234047,0.6349046947046336,5,1094,0.3174471251241919,,0.2494374261212482
25_0nm_04run_2000d.txt,tSNE,3,256,192,0,0,6202,7,879,0.4960551274147876,,2,2891,0.09520711049419,-0.3940194537481684,0.0434043349534065
25_0nm_04run_2000d.txt,tSNE,3,256,256,0,0,6202,5,593,0.3746887848336003,0.6030707699539348,2,4174,0.0483932743240884,-0.2465072907691101,0.0211058954162513
25_0nm_04run_2000d.txt,UMAP,2,4,2,0,0,6202,490,1605,0.0825612723703687,,607,658,0.0354705412244057,,0.4740842171174865
25_0nm_04run_2000d.txt,UMAP,2,4,3,0,0,6202,309,1769,0.2045251556058961,,520,827,0.0364552809476927,,0.4971823818910024
25_0nm_04run_2000d.txt,UMAP,2,4,4,0,0,6202,108,1040,0.3899625371932957,,411,879,0.0444439561931386,,0.5244836085245487
25_0nm_04run_2000d.txt,UMAP,2,8,4,0,0,6202,45,607,0.5901976961092715,,289,690,0.0723094771283256,,0.4739706219971173
25_0nm_04run_2000d.txt,UMAP,2,8,6,0,0,6202,17,228,0.5382585627078067,,225,710,0.2045260271364473,,0.5242249785259809
25_0nm_04run_2000d.txt,UMAP,2,8,8,0,0,6202,24,573,0.6811556526334757,,189,766,0.21719315684075,,0.5429769508452126
25_0nm_04run_2000d.txt,UMAP,2,16,8,0,0,6202,20,492,0.6630453921769714,,101,401,0.397511229609939,,0.5565058340918901
25_0nm_04run_2000d.txt,UMAP,2,16,12,0,0,6202,16,497,0.6654993849101414,,65,388,0.6072817965682609,,0.6640607638398287
25_0nm_04run_2000d.txt,UMAP,2,16,16,0,0,6202,18,628,0.63318293856267,,42,288,0.6683732020189554,,0.6497581814714234
25_0nm_04run_2000d.txt,UMAP,2,32,16,0,0,6202,17,678,0.6037987939207476,,20,78,0.7250114169528165,,0.5667874740640064
25_0nm_04run_2000d.txt,UMAP,2,32,24,0,0,6202,13,515,0.6332215715337807,,21,150,0.7072868886254413,,0.5597840436247707
25_0nm_04run_2000d.txt,UMAP,2,32,32,0,0,6202,11,391,0.6558256871388017,,11,0,0.6425079157110474,,0.6108656364845781
25_0nm_04run_2000d.txt,UMAP,2,64,32,0,0,6202,10,371,0.6639276752112251,,11,0,0.6425079157110474,,0.6108656364845781
25_0nm_04run_2000d.txt,UMAP,2,64,48,0,0,6202,7,187,0.5881507620085762,,11,0,0.6425079157110474,,0.610865636484578
25_0nm_04run_2000d.txt,UMAP,2,64,64,0,0,6202,9,679,0.5630520967685281,,10,0,0.6377365650062156,,0.7231170018832422
25_0nm_04run_2000d.txt,UMAP,2,128,64,0,0,6202,7,241,0.5807929238557872,,9,65,0.6377365650062156,,0.7163472971067787
25_0nm_04run_2000d.txt,UMAP,2,128,96,0,0,6202,7,353,0.5672628000596885,,9,65,0.6377365650062156,,0.7163472971067787
25_0nm_04run_2000d.txt,UMAP,2,128,128,0,0,6202,7,471,0.5549523082234047,0.6349046947046336,9,136,0.6330418753486241,,0.7473765384554093
25_0nm_04run_2000d.txt,UMAP,2,256,128,0,0,6202,7,471,0.5549523082234047,0.6349046947046336,9,136,0.6330418753486241,,0.7473765384554093
25_0nm_04run_2000d.txt,UMAP,2,256,192,0,0,6202,7,879,0.4960551274147876,,9,460,0.5987442449225688,,0.7231173482187458
25_0nm_04run_2000d.txt,UMAP,2,256,256,0,0,6202,5,593,0.3746887848336003,0.6030707699539348,8,1312,0.4729934314914447,,0.5814972693936246
25_0nm_04run_2000d.txt,UMAP,3,4,2,0,0,6202,490,1605,0.0825612723703687,,599,706,0.0335620093125899,,0.4839189823354901
25_0nm_04run_2000d.txt,UMAP,3,4,3,0,0,6202,309,1769,0.2045251556058961,,516,865,0.0352713713467992,,0.5061792085959058
25_0nm_04run_2000d.txt,UMAP,3,4,4,0,0,6202,108,1040,0.3899625371932957,,402,1002,0.0415578278765098,,0.501814490518446
25_0nm_04run_2000d.txt,UMAP,3,8,4,0,0,6202,45,607,0.5901976961092715,,290,707,0.0685298770139145,,0.4813453392549603
25_0nm_04run_2000d.txt,UMAP,3,8,6,0,0,6202,17,228,0.5382585627078067,,244,881,0.1434449288584253,,0.5406428521372579
25_0nm_04run_2000d.txt,UMAP,3,8,8,0,0,6202,24,573,0.6811556526334757,,172,745,0.3268195390761946,,0.6140238353433353
25_0nm_04run_2000d.txt,UMAP,3,16,8,0,0,6202,20,492,0.6630453921769714,,89,381,0.4219761351378153,,0.4627350917380024
25_0nm_04run_2000d.txt,UMAP,3,16,12,0,0,6202,16,497,0.6654993849101414,,66,384,0.5806459605834482,,0.69904343682564
25_0nm_04run_2000d.txt,UMAP,3,16,16,0,0,6202,18,628,0.63318293856267,,19,47,0.6976757941182243,,0.7525811739825594
25_0nm_04run_2000d.txt,UMAP,3,32,16,0,0,6202,17,678,0.6037987939207476,,13,1,0.7047819023983548,,0.7496535497795536
25_0nm_04run_2000d.txt,UMAP,3,32,24,0,0,6202,13,515,0.6332215715337807,,11,0,0.7075487663869036,,0.6832361110053604
25_0nm_04run_2000d.txt,UMAP,3,32,32,0,0,6202,11,391,0.6558256871388017,,11,0,0.7007189824489216,,0.5925335348881123
25_0nm_04run_2000d.txt,UMAP,3,64,32,0,0,6202,10,371,0.6639276752112251,,11,0,0.7007189824489216,,0.5925335348881123
25_0nm_04run_2000d.txt,UMAP,3,64,48,0,0,6202,7,187,0.5881507620085762,,10,0,0.6981495677389783,,0.8136281601733446
25_0nm_04run_2000d.txt,UMAP,3,64,64,0,0,6202,9,679,0.5630520967685281,,10,0,0.6480593315047816,,0.5600593390838862
25_0nm_04run_2000d.txt,UMAP,3,128,64,0,0,6202,7,241,0.5807929238557872,,11,7,0.7046649314931835,,0.5892172877858988
25_0nm_04run_2000d.txt,UMAP,3,128,96,0,0,6202,7,353,0.5672628000596885,,8,0,0.5704885262433254,,0.8173229215138973
25_0nm_04run_2000d.txt,UMAP,3,128,128,0,0,6202,7,471,0.5549523082234047,0.6349046947046336,9,0,0.5703916235714533,,0.6004489139256967
25_0nm_04run_2000d.txt,UMAP,3,256,128,0,0,6202,7,471,0.5549523082234047,0.6349046947046336,9,0,0.5703916235714533,,0.6004489139256967
25_0nm_04run_2000d.txt,UMAP,3,256,192,0,0,6202,7,879,0.4960551274147876,,8,0,0.5704885262433254,,0.8173229215138973
25_0nm_04run_2000d.txt,UMAP,3,256,256,0,0,6202,5,593,0.3746887848336003,0.6030707699539348,8,169,0.5524867255189262,,0.7940614385455629
25_0nm_04run_2000d.txt,TriMap,2,4,2,0,0,6202,490,1605,0.0825612723703687,,552,905,0.0337855304231428,,0.3881323482832788
25_0nm_04run_2000d.txt,TriMap,2,4,3,0,0,6202,309,1769,0.2045251556058961,,456,1123,0.0345965303710026,,0.4068159586321695
25_0nm_04run_2000d.txt,TriMap,2,4,4,0,0,6202,108,1040,0.3899625371932957,,378,1299,0.0385153383749802,,0.4549142095047951
25_0nm_04run_2000d.txt,TriMap,2,8,4,0,0,6202,45,607,0.5901976961092715,,263,953,0.0805342266338224,,0.3781341170296894
25_0nm_04run_2000d.txt,TriMap,2,8,6,0,0,6202,17,228,0.5382585627078067,,196,969,0.2393852205449519,,0.4034847534066337
25_0nm_04run_2000d.txt,TriMap,2,8,8,0,0,6202,24,573,0.6811556526334757,,184,1184,0.0923271728220666,,0.4619869090655778
25_0nm_04run_2000d.txt,TriMap,2,16,8,0,0,6202,20,492,0.6630453921769714,,85,508,0.4992901901318607,,0.4415190657613262
25_0nm_04run_2000d.txt,TriMap,2,16,12,0,0,6202,16,497,0.6654993849101414,,35,275,0.4902988629249994,,0.2982246246057334
25_0nm_04run_2000d.txt,TriMap,2,16,16,0,0,6202,18,628,0.63318293856267,,21,118,0.5298842353858138,,0.3010897140864952
25_0nm_04run_2000d.txt,TriMap,2,32,16,0,0,6202,17,678,0.6037987939207476,,20,241,0.5086302837602282,,0.2671378318290047
25_0nm_04run_2000d.txt,TriMap,2,32,24,0,0,6202,13,515,0.6332215715337807,,19,287,0.5762596931181023,,0.1344845103098906
25_0nm_04run_2000d.txt,TriMap,2,32,32,0,0,6202,11,391,0.6558256871388017,,14,139,0.5364042104962014,,0.1710040155834448
25_0nm_04run_2000d.txt,TriMap,2,64,32,0,0,6202,10,371,0.6639276752112251,,15,143,0.6165565782690927,,0.0980559378697315
25_0nm_04run_2000d.txt,TriMap,2,64,48,0,0,6202,7,187,0.5881507620085762,,14,351,0.4662337912970902,,0.2960128590213235
25_0nm_04run_2000d.txt,TriMap,2,64,64,0,0,6202,9,679,0.5630520967685281,,12,339,0.4918178358809234,,0.4380174835697927
25_0nm_04run_2000d.txt,TriMap,2,128,64,0,0,6202,7,241,0.5807929238557872,,4,242,0.1578235356020974,0.3055053503060685,0.573472201245039
25_0nm_04run_2000d.txt,TriMap,2,128,96,0,0,6202,7,353,0.5672628000596885,,8,728,0.42281586373787,,0.4692922909779494
25_0nm_04run_2000d.txt,TriMap,2,128,128,0,0,6202,7,471,0.5549523082234047,0.6349046947046336,2,0,0.1232963219031181,0.3931241071850917,0.60186221865143
25_0nm_04run_2000d.txt,TriMap,2,256,128,0,0,6202,7,471,0.5549523082234047,0.6349046947046336,2,0,0.1232963219031181,0.3931241071850917,0.5898461591646922
25_0nm_04run_2000d.txt,TriMap,2,256,192,0,0,6202,7,879,0.4960551274147876,,2,0,0.1232963219031181,0.3931241071850917,0.6535212853213461
25_0nm_04run_2000d.txt,TriMap,2,256,256,0,0,6202,5,593,0.3746887848336003,0.6030707699539348,4,676,0.2598600086362134,,0.5200711845082131
25_0nm_04run_2000d.txt,TriMap,3,4,2,0,0,6202,490,1605,0.0825612723703687,,555,939,0.0329432142336395,,0.4163187026331933
25_0nm_04run_2000d.txt,TriMap,3,4,3,0,0,6202,309,1769,0.2045251556058961,,466,1153,0.0385956033658735,,0.4470566744443709
25_0nm_04run_2000d.txt,TriMap,3,4,4,0,0,6202,108,1040,0.3899625371932957,,364,1325,0.0428921988617194,,0.4520792224462207
25_0nm_04run_2000d.txt,TriMap,3,8,4,0,0,6202,45,607,0.5901976961092715,,264,976,0.0710860802572961,,0.4405632089602166
25_0nm_04run_2000d.txt,TriMap,3,8,6,0,0,6202,17,228,0.5382585627078067,,204,1066,0.163429230932213,,0.4932795735970785
25_0nm_04run_2000d.txt,TriMap,3,8,8,0,0,6202,24,573,0.6811556526334757,,178,1204,0.1772975154491684,,0.5136457758184761
25_0nm_04run_2000d.txt,TriMap,3,16,8,0,0,6202,20,492,0.6630453921769714,,75,508,0.4685992907319756,,0.5540657248236657
25_0nm_04run_2000d.txt,TriMap,3,16,12,0,0,6202,16,497,0.6654993849101414,,55,344,0.5948333465942891,,0.601012668553849
25_0nm_04run_2000d.txt,TriMap,3,16,16,0,0,6202,18,628,0.63318293856267,,37,289,0.6176070402441517,,0.613645801593037
25_0nm_04run_2000d.txt,TriMap,3,32,16,0,0,6202,17,678,0.6037987939207476,,15,115,0.5263777010054042,,0.6152142757027083
25_0nm_04run_2000d.txt,TriMap,3,32,24,0,0,6202,13,515,0.6332215715337807,,15,97,0.6520196816536288,,0.4277299226313089
25_0nm_04run_2000d.txt,TriMap,3,32,32,0,0,6202,11,391,0.6558256871388017,,13,84,0.6226099569544977,,0.5868143270822672
25_0nm_04run_2000d.txt,TriMap,3,64,32,0,0,6202,10,371,0.6639276752112251,,13,129,0.5274052443262314,,0.6286285085054937
25_0nm_04run_2000d.txt,TriMap,3,64,48,0,0,6202,7,187,0.5881507620085762,,16,264,0.699089872180336,,0.5906577169103843
25_0nm_04run_2000d.txt,TriMap,3,64,64,0,0,6202,9,679,0.5630520967685281,,13,157,0.6097409815828949,,0.3530970830438958
25_0nm_04run_2000d.txt,TriMap,3,128,64,0,0,6202,7,241,0.5807929238557872,,10,75,0.5635841203359407,,0.6185342780652668
25_0nm_04run_2000d.txt,TriMap,3,128,96,0,0,6202,7,353,0.5672628000596885,,12,778,0.6384044032768845,,0.657418518255435
25_0nm_04run_2000d.txt,TriMap,3,128,128,0,0,6202,7,471,0.5549523082234047,0.6349046947046336,12,1007,0.5760034276047576,,0.6151766111121538
25_0nm_04run_2000d.txt,TriMap,3,256,128,0,0,6202,7,471,0.5549523082234047,0.6349046947046336,9,761,0.535071246647201,,0.5745612891909925
25_0nm_04run_2000d.txt,TriMap,3,256,192,0,0,6202,7,879,0.4960551274147876,,4,346,0.1543870297065591,0.3512907748044312,0.5857301578697339
25_0nm_04run_2000d.txt,TriMap,3,256,256,0,0,6202,5,593,0.3746887848336003,0.6030707699539348,4,457,0.2748829982748064,,0.5387592535821728
25_0nm_04run_2000d.txt,PaCMAP,2,4,2,10,0,6202,490,1605,0.0825612723703687,,589,918,0.0346146142210544,,0.4264923816063413
25_0nm_04run_2000d.txt,PaCMAP,2,4,3,10,0,6202,309,1769,0.2045251556058961,,486,1095,0.0376396763389555,,0.4424551424069278
25_0nm_04run_2000d.txt,PaCMAP,2,4,4,10,0,6202,108,1040,0.3899625371932957,,384,1217,0.038501005697968,,0.4544061131156038
25_0nm_04run_2000d.txt,PaCMAP,2,8,4,10,0,6202,45,607,0.5901976961092715,,252,970,0.0815321346351183,,0.4358299421418515
25_0nm_04run_2000d.txt,PaCMAP,2,8,6,10,0,6202,17,228,0.5382585627078067,,189,907,0.25340091125088,,0.5034784283523268
25_0nm_04run_2000d.txt,PaCMAP,2,8,8,10,0,6202,24,573,0.6811556526334757,,165,968,0.2497521844245345,,0.5098367525363448
25_0nm_04run_2000d.txt,PaCMAP,2,16,8,10,0,6202,20,492,0.6630453921769714,,77,439,0.5411484171510738,,0.502720613241459
25_0nm_04run_2000d.txt,PaCMAP,2,16,12,10,0,6202,16,497,0.6654993849101414,,70,748,0.5086053291116692,,0.511986268302687
25_0nm_04run_2000d.txt,PaCMAP,2,16,16,10,0,6202,18,628,0.63318293856267,,33,368,0.6938831114488193,,0.5876697408651111
25_0nm_04run_2000d.txt,PaCMAP,2,32,16,10,0,6202,17,678,0.6037987939207476,,7,0,0.4745215615961243,,0.6078248860588802
25_0nm_04run_2000d.txt,PaCMAP,2,32,24,10,0,6202,13,515,0.6332215715337807,,7,0,0.4745215615961243,,0.6078248860588802
25_0nm_04run_2000d.txt,PaCMAP,2,32,32,10,0,6202,11,391,0.6558256871388017,,7,0,0.4745215615961243,,0.6078248860588802
25_0nm_04run_2000d.txt,PaCMAP,2,64,32,10,0,6202,10,371,0.6639276752112251,,7,0,0.4745215615961243,,0.6078248860588802
25_0nm_04run_2000d.txt,PaCMAP,2,64,48,10,0,6202,7,187,0.5881507620085762,,7,0,0.4745215615961243,,0.6078248860588802
25_0nm_04run_2000d.txt,PaCMAP,2,64,64,10,0,6202,9,679,0.5630520967685281,,7,0,0.4745215615961243,,0.6078248860588802
25_0nm_04run_2000d.txt,PaCMAP,2,128,64,10,0,6202,7,241,0.5807929238557872,,7,0,0.4745215615961243,,0.6078248860588802
25_0nm_04run_2000d.txt,PaCMAP,2,128,96,10,0,6202,7,353,0.5672628000596885,,11,118,0.7463795991904669,,0.4718396016376063
25_0nm_04run_2000d.txt,PaCMAP,2,128,128,10,0,6202,7,471,0.5549523082234047,0.6349046947046336,7,63,0.4693053440720114,,0.6023419334632217
25_0nm_04run_2000d.txt,PaCMAP,2,256,128,10,0,6202,7,471,0.5549523082234047,0.6349046947046336,7,63,0.4693053440720114,,0.6023419334632217
25_0nm_04run_2000d.txt,PaCMAP,2,256,192,10,0,6202,7,879,0.4960551274147876,,7,271,0.4491865422163516,0.0201001624354819,0.5851597200818928
25_0nm_04run_2000d.txt,PaCMAP,2,256,256,10,0,6202,5,593,0.3746887848336003,0.6030707699539348,3,0,0.115646390241526,-0.3558411515289892,0.2073676317005776
25_0nm_04run_2000d.txt,PaCMAP,3,4,2,10,0,6202,490,1605,0.0825612723703687,,588,904,0.0356531626282609,,0.4380611947414429
25_0nm_04run_2000d.txt,PaCMAP,3,4,3,10,0,6202,309,1769,0.2045251556058961,,484,1069,0.0399944943366937,,0.4525969527333457
25_0nm_04run_2000d.txt,PaCMAP,3,4,4,10,0,6202,108,1040,0.3899625371932957,,394,1273,0.0370245546767129,,0.4729103627532572
25_0nm_04run_2000d.txt,PaCMAP,3,8,4,10,0,6202,45,607,0.5901976961092715,,268,979,0.0657358768567404,,0.4642426693923726
25_0nm_04run_2000d.txt,PaCMAP,3,8,6,10,0,6202,17,228,0.5382585627078067,,223,1117,0.1392118123894172,,0.4852531754038395
25_0nm_04run_2000d.txt,PaCMAP,3,8,8,10,0,6202,24,573,0.6811556526334757,,190,1229,0.1459592189057298,,0.4950965406771917
25_0nm_04run_2000d.txt,PaCMAP,3,16,8,10,0,6202,20,492,0.6630453921769714,,77,588,0.4435861988485568,,0.4697033368396973
25_0nm_04run_2000d.txt,PaCMAP,3,16,12,10,0,6202,16,497,0.6654993849101414,,58,521,0.5528912570938244,,0.5869388731834856
25_0nm_04run_2000d.txt,PaCMAP,3,16,16,10,0,6202,18,628,0.63318293856267,,37,412,0.6506372072966434,,0.6839495382308979
25_0nm_04run_2000d.txt,PaCMAP,3,32,16,10,0,6202,17,678,0.6037987939207476,,21,170,0.7125997183658076,,0.6590982398983081
25_0nm_04run_2000d.txt,PaCMAP,3,32,24,10,0,6202,13,515,0.6332215715337807,,8,2,0.5702598854191995,,0.6386101477377149
25_0nm_04run_2000d.txt,PaCMAP,3,32,32,10,0,6202,11,391,0.6558256871388017,,10,9,0.5696755447805126,,0.5756278495834503
25_0nm_04run_2000d.txt,PaCMAP,3,64,32,10,0,6202,10,371,0.6639276752112251,,10,9,0.5696755447805126,,0.5756278495834503
25_0nm_04run_2000d.txt,PaCMAP,3,64,48,10,0,6202,7,187,0.5881507620085762,,6,0,0.4337851400626459,,0.8219516653233401
25_0nm_04run_2000d.txt,PaCMAP,3,64,64,10,0,6202,9,679,0.5630520967685281,,6,0,0.4337851400626459,,0.8219516653233401
25_0nm_04run_2000d.txt,PaCMAP,3,128,64,10,0,6202,7,241,0.5807929238557872,,6,0,0.4337851400626459,,0.8219516653233401
25_0nm_04run_2000d.txt,PaCMAP,3,128,96,10,0,6202,7,353,0.5672628000596885,,7,5,0.4743905265030868,,0.7840687933280801
25_0nm_04run_2000d.txt,PaCMAP,3,128,128,10,0,6202,7,471,0.5549523082234047,0.6349046947046336,6,0,0.4337851400626459,,0.8219516653233401
25_0nm_04run_2000d.txt,PaCMAP,3,256,128,10,0,6202,7,471,0.5549523082234047,0.6349046947046336,6,0,0.4337851400626459,,0.8219516653233401
25_0nm_04run_2000d.txt,PaCMAP,3,256,192,10,0,6202,7,879,0.4960551274147876,,6,32,0.4360775453932171,,0.8179280003996898
25_0nm_04run_2000d.txt,PaCMAP,3,256,256,10,0,6202,5,593,0.3746887848336003,0.6030707699539348,6,192,0.4278550677672564,0.0805134744440021,0.8042721933773763
17_0nm_01run_1000d.txt,tSNE,2,4,2,0,0,9328,739,2718,0.0427742319198723,,804,1203,0.091466022315881,,0.3771647195324747
17_0nm_01run_1000d.txt,tSNE,2,4,3,0,0,9328,430,2548,0.2345355348591292,,602,1347,0.131528227975801,,0.354172370536588
17_0nm_01run_1000d.txt,tSNE,2,4,4,0,0,9328,109,1143,0.4087735012880561,0.480586765324343,337,1053,0.3279271181654943,,0.4035616249656474
17_0nm_01run_1000d.txt,tSNE,2,8,4,0,0,9328,33,523,0.4972058267539905,0.5050627922937333,172,540,0.4812055623694018,0.0056349496257247,0.3202845589935642
17_0nm_01run_1000d.txt,tSNE,2,8,6,0,0,9328,19,326,0.513372286093374,0.5502549877784472,128,603,0.5962333508728861,0.0934899088192391,0.4333816253568118
17_0nm_01run_1000d.txt,tSNE,2,8,8,0,0,9328,19,366,0.5168531438825061,0.5720843244651502,36,112,0.7832852953646767,0.1146340076001344,0.4547215568380736
17_0nm_01run_1000d.txt,tSNE,2,16,8,0,0,9328,19,474,0.5049812284953186,0.5700949650043743,40,155,0.7643344755019111,0.1476541163197441,0.4580888638706076
17_0nm_01run_1000d.txt,tSNE,2,16,12,0,0,9328,17,420,0.508105870760917,0.6195947878886339,36,205,0.7641970610984581,0.1624336526523543,0.4637010500904593
17_0nm_01run_1000d.txt,tSNE,2,16,16,0,0,9328,17,446,0.5053815276108875,,19,31,0.8181687791297662,0.1643086717628682,0.4473800912446186
17_0nm_01run_1000d.txt,tSNE,2,32,16,0,0,9328,16,468,0.5057482264896807,,20,48,0.811588184107617,0.1860091073558926,0.4420583335903698
17_0nm_01run_1000d.txt,tSNE,2,32,24,0,0,9328,25,1319,0.6192334114208198,,19,35,0.8189090759263105,0.1668883500110946,0.4741699887488363
17_0nm_01run_1000d.txt,tSNE,2,32,32,0,0,9328,16,747,0.4843869316226429,0.658657303738224,19,39,0.8189207276814314,0.1670120158430856,0.4741511378045624
17_0nm_01run_1000d.txt,tSNE,2,64,32,0,0,9328,15,640,0.4960815173546569,0.6577109608354869,19,39,0.8189207276814314,0.1670120158430856,0.4741511378045624
17_0nm_01run_1000d.txt,tSNE,2,64,48,0,0,9328,16,979,0.459659889290488,,18,90,0.7478472985039984,0.147880088667634,0.4860843493711677
17_0nm_01run_1000d.txt,tSNE,2,64,64,0,0,9328,14,807,0.4457087746897026,,16,10,0.7309618136356816,,0.39682643775721
17_0nm_01run_1000d.txt,tSNE,2,128,64,0,0,9328,13,714,0.4515963172591037,,16,10,0.7309618136356816,,0.39682643775721
17_0nm_01run_1000d.txt,tSNE,2,128,96,0,0,9328,13,1491,0.4803357269428916,,17,218,0.7401690767881699,0.032740999600502,0.3803818258705255
17_0nm_01run_1000d.txt,tSNE,2,128,128,0,0,9328,13,1612,0.4537033870770109,,16,1026,0.6088929106081727,,0.4262760694571027
17_0nm_01run_1000d.txt,tSNE,2,256,128,0,0,9328,13,1612,0.4537033870770109,,16,1026,0.6088929106081727,,0.4262760694571027
17_0nm_01run_1000d.txt,tSNE,2,256,192,0,0,9328,9,1568,0.2694716857730481,,4,997,0.0483277856746437,-0.5592762389286159,-0.0400209391067636
17_0nm_01run_1000d.txt,tSNE,2,256,256,0,0,9328,3,162,0.1338404696971576,,3,1268,0.0314155380731559,-0.4643043585870766,0.0998342904010921
17_0nm_01run_1000d.txt,tSNE,3,4,2,0,0,9328,739,2718,0.0427742319198723,,850,1412,0.0788335844017314,,0.3885893208843549
17_0nm_01run_1000d.txt,tSNE,3,4,3,0,0,9328,430,2548,0.2345355348591292,,610,1559,0.1859659985536726,,0.4337122345816565
17_0nm_01run_1000d.txt,tSNE,3,4,4,0,0,9328,109,1143,0.4087735012880561,0.480586765324343,262,1000,0.5684833903579051,,0.4640879744267777
17_0nm_01run_1000d.txt,tSNE,3,8,4,0,0,9328,33,523,0.4972058267539905,0.5050627922937333,37,119,0.6747343100282636,0.1184439958385377,0.4011420477621381
17_0nm_01run_1000d.txt,tSNE,3,8,6,0,0,9328,19,326,0.513372286093374,0.5502549877784472,12,0,0.5713087731593447,0.0611006904582353,0.4507535256157654
17_0nm_01run_1000d.txt,tSNE,3,8,8,0,0,9328,19,366,0.5168531438825061,0.5720843244651502,12,2,0.5711711667205532,0.0610937525377324,0.450574052059035
17_0nm_01run_1000d.txt,tSNE,3,16,8,0,0,9328,19,474,0.5049812284953186,0.5700949650043743,12,2,0.5711711667205532,0.0610937525377324,0.450574052059035
17_0nm_01run_1000d.txt,tSNE,3,16,12,0,0,9328,17,420,0.508105870760917,0.6195947878886339,11,0,0.5234773578831047,0.0246136511207132,0.4824380760655553
17_0nm_01run_1000d.txt,tSNE,3,16,16,0,0,9328,17,446,0.5053815276108875,,11,0,0.5234773578831047,0.0246136511207132,0.4824380760655553
17_0nm_01run_1000d.txt,tSNE,3,32,16,0,0,9328,16,468,0.5057482264896807,,11,0,0.5234773578831047,0.0246136511207132,0.4824380760655553
17_0nm_01run_1000d.txt,tSNE,3,32,24,0,0,9328,25,1319,0.6192334114208198,,12,0,0.5207470075343436,-0.0429074783652971,0.3516517623167503
17_0nm_01run_1000d.txt,tSNE,3,32,32,0,0,9328,16,747,0.4843869316226429,0.658657303738224,11,0,0.5234773578831047,0.0246136511207132,0.4824380760655553
17_0nm_01run_1000d.txt,tSNE,3,64,32,0,0,9328,15,640,0.4960815173546569,0.6577109608354869,11,0,0.5234773578831047,0.0246136511207132,0.4824380760655553
17_0nm_01run_1000d.txt,tSNE,3,64,48,0,0,9328,16,979,0.459659889290488,,11,0,0.5234773578831047,0.0246136511207132,0.4824380760655553
17_0nm_01run_1000d.txt,tSNE,3,64,64,0,0,9328,14,807,0.4457087746897026,,13,141,0.5670466802671712,0.0303662470480351,0.4159886689198153
17_0nm_01run_1000d.txt,tSNE,3,128,64,0,0,9328,13,714,0.4515963172591037,,12,79,0.5606248146100622,-0.0793136303994572,0.3183115997676118
17_0nm_01run_1000d.txt,tSNE,3,128,96,0,0,9328,13,1491,0.4803357269428916,,13,833,0.5667482623007808,,0.4237152700909871
17_0nm_01run_1000d.txt,tSNE,3,128,128,0,0,9328,13,1612,0.4537033870770109,,13,2348,0.343018056925397,0.2766506166017973,0.4037481040467491
17_0nm_01run_1000d.txt,tSNE,3,256,128,0,0,9328,13,1612,0.4537033870770109,,11,1974,0.3736352832251318,0.221310575951907,0.3576429483716758
17_0nm_01run_1000d.txt,tSNE,3,256,192,0,0,9328,9,1568,0.2694716857730481,,3,3717,0.0640270065031766,-0.400861919348644,0.0327563478109249
17_0nm_01run_1000d.txt,tSNE,3,256,256,0,0,9328,3,162,0.1338404696971576,,2,5651,0.0330244472060542,-0.114414345152473,0.0898085140091723
17_0nm_01run_1000d.txt,UMAP,2,4,2,0,0,9328,739,2718,0.0427742319198723,,927,1181,0.0289436265692299,,0.4680210059772502
17_0nm_01run_1000d.txt,UMAP,2,4,3,0,0,9328,430,2548,0.2345355348591292,,766,1445,0.0315325795404694,,0.5015974439519861
17_0nm_01run_1000d.txt,UMAP,2,4,4,0,0,9328,109,1143,0.4087735012880561,0.480586765324343,628,1483,0.0376267788556354,,0.5213062179970522
17_0nm_01run_1000d.txt,UMAP,2,8,4,0,0,9328,33,523,0.4972058267539905,0.5050627922937333,418,1139,0.0628327654920029,,0.4754366764759759
17_0nm_01run_1000d.txt,UMAP,2,8,6,0,0,9328,19,326,0.513372286093374,0.5502549877784472,383,1389,0.0618554465266505,,0.5104639467200269
17_0nm_01run_1000d.txt,UMAP,2,8,8,0,0,9328,19,366,0.5168531438825061,0.5720843244651502,317,1430,0.1706230727989358,,0.5658918360491823
17_0nm_01run_1000d.txt,UMAP,2,16,8,0,0,9328,19,474,0.5049812284953186,0.5700949650043743,146,732,0.4944235564053044,0.0215861636630652,0.4980794422483002
17_0nm_01run_1000d.txt,UMAP,2,16,12,0,0,9328,17,420,0.508105870760917,0.6195947878886339,124,853,0.5470102148808516,0.1480920071259957,0.6148253000818765
17_0nm_01run_1000d.txt,UMAP,2,16,16,0,0,9328,17,446,0.5053815276108875,,91,698,0.6217996932561293,0.1544055033893828,0.512196928966351
17_0nm_01run_1000d.txt,UMAP,2,32,16,0,0,9328,16,468,0.5057482264896807,,39,184,0.7252024493299855,0.1516443438322178,0.441518462684089
17_0nm_01run_1000d.txt,UMAP,2,32,24,0,0,9328,25,1319,0.6192334114208198,,32,233,0.762870326277245,0.1653559709842568,0.5766777193898607
17_0nm_01run_1000d.txt,UMAP,2,32,32,0,0,9328,16,747,0.4843869316226429,0.658657303738224,19,45,0.6989074142236754,-0.0402958531520632,0.5261974326321656
17_0nm_01run_1000d.txt,UMAP,2,64,32,0,0,9328,15,640,0.4960815173546569,0.6577109608354869,17,12,0.6984442139123521,-0.0563051910358331,0.5110964692974704
17_0nm_01run_1000d.txt,UMAP,2,64,48,0,0,9328,16,979,0.459659889290488,,15,4,0.6795831878390647,0.0209973883079002,0.6160069305287106
17_0nm_01run_1000d.txt,UMAP,2,64,64,0,0,9328,14,807,0.4457087746897026,,14,18,0.6121918348874794,-0.0096451400020743,0.6962021182454565
17_0nm_01run_1000d.txt,UMAP,2,128,64,0,0,9328,13,714,0.4515963172591037,,14,18,0.6121918348874794,-0.0096451400020743,0.6962021182454565
17_0nm_01run_1000d.txt,UMAP,2,128,96,0,0,9328,13,1491,0.4803357269428916,,14,15,0.6101765548814814,,0.6007376128087486
17_0nm_01run_1000d.txt,UMAP,2,128,128,0,0,9328,13,1612,0.4537033870770109,,13,61,0.5933009428698546,-0.0128465802844679,0.695792690006825
17_0nm_01run_1000d.txt,UMAP,2,256,128,0,0,9328,13,1612,0.4537033870770109,,12,242,0.5921971875533726,0.1816238007375743,0.6775021855655432
17_0nm_01run_1000d.txt,UMAP,2,256,192,0,0,9328,9,1568,0.2694716857730481,,11,303,0.5220537607065192,0.1084392349530594,0.5624262625538383
17_0nm_01run_1000d.txt,UMAP,2,256,256,0,0,9328,3,162,0.1338404696971576,,11,705,0.4859490369810411,0.1272151319472763,0.5280927054562189
17_0nm_01run_1000d.txt,UMAP,3,4,2,0,0,9328,739,2718,0.0427742319198723,,902,1143,0.0298474645458789,,0.4737983729681225
17_0nm_01run_1000d.txt,UMAP,3,4,3,0,0,9328,430,2548,0.2345355348591292,,763,1327,0.0347726212684515,,0.4979841299114916
17_0nm_01run_1000d.txt,UMAP,3,4,4,0,0,9328,109,1143,0.4087735012880561,0.480586765324343,612,1499,0.0375998780506894,,0.510831126839981
17_0nm_01run_1000d.txt,UMAP,3,8,4,0,0,9328,33,523,0.4972058267539905,0.5050627922937333,429,1151,0.0640226642509391,,0.4999011177134634
17_0nm_01run_1000d.txt,UMAP,3,8,6,0,0,9328,19,326,0.513372286093374,0.5502549877784472,382,1448,0.0608771847846179,,0.5295703331696677
17_0nm_01run_1000d.txt,UMAP,3,8,8,0,0,9328,19,366,0.5168531438825061,0.5720843244651502,302,1307,0.1902299986977887,,0.5591104976243969
17_0nm_01run_1000d.txt,UMAP,3,16,8,0,0,9328,19,474,0.5049812284953186,0.5700949650043743,159,690,0.4188863277137926,0.083394425555927,0.5724503744265439
17_0nm_01run_1000d.txt,UMAP,3,16,12,0,0,9328,17,420,0.508105870760917,0.6195947878886339,101,631,0.5965779796823144,0.1400002179794942,0.6544072418537398
17_0nm_01run_1000d.txt,UMAP,3,16,16,0,0,9328,17,446,0.5053815276108875,,83,627,0.6560008932846308,,0.6826483762332919
17_0nm_01run_1000d.txt,UMAP,3,32,16,0,0,9328,16,468,0.5057482264896807,,39,197,0.7366214576222438,0.1490222039318831,0.6673615760609277
17_0nm_01run_1000d.txt,UMAP,3,32,24,0,0,9328,25,1319,0.6192334114208198,,33,197,0.7644583849993876,0.1134575739663471,0.6727682350343415
17_0nm_01run_1000d.txt,UMAP,3,32,32,0,0,9328,16,747,0.4843869316226429,0.658657303738224,17,20,0.7176049473917293,0.1472412636240249,0.7261351978939308
17_0nm_01run_1000d.txt,UMAP,3,64,32,0,0,9328,15,640,0.4960815173546569,0.6577109608354869,18,154,0.7139718874858599,0.1465040544680188,0.7361564050112055
17_0nm_01run_1000d.txt,UMAP,3,64,48,0,0,9328,16,979,0.459659889290488,,20,275,0.7316957685618795,0.0833169503080428,0.614740119273158
17_0nm_01run_1000d.txt,UMAP,3,64,64,0,0,9328,14,807,0.4457087746897026,,11,16,0.3586469516336744,0.2701429438270785,0.8070838209454767
17_0nm_01run_1000d.txt,UMAP,3,128,64,0,0,9328,13,714,0.4515963172591037,,11,16,0.3586469516336744,0.2701429438270785,0.8070838209454767
17_0nm_01run_1000d.txt,UMAP,3,128,96,0,0,9328,13,1491,0.4803357269428916,,11,56,0.3553984860432136,0.2741007723015101,0.8056369069473953
17_0nm_01run_1000d.txt,UMAP,3,128,128,0,0,9328,13,1612,0.4537033870770109,,10,98,0.3463740306164182,0.2113598077967524,0.7979016610004097
17_0nm_01run_1000d.txt,UMAP,3,256,128,0,0,9328,13,1612,0.4537033870770109,,9,0,0.3435206628352666,0.2036869674075653,0.7925252133994161
17_0nm_01run_1000d.txt,UMAP,3,256,192,0,0,9328,9,1568,0.2694716857730481,,9,70,0.3385078012730533,0.262784236912761,0.787792590296113
17_0nm_01run_1000d.txt,UMAP,3,256,256,0,0,9328,3,162,0.1338404696971576,,9,145,0.3340100105058479,0.269379826284818,0.7818057232297999
17_0nm_01run_1000d.txt,TriMap,2,4,2,0,0,9328,739,2718,0.0427742319198723,,867,1568,0.0259208446264639,,0.3953791987290204
17_0nm_01run_1000d.txt,TriMap,2,4,3,0,0,9328,430,2548,0.2345355348591292,,678,1799,0.0303513748416231,,0.4269425349091529
17_0nm_01run_1000d.txt,TriMap,2,4,4,0,0,9328,109,1143,0.4087735012880561,0.480586765324343,538,1848,0.036013817160353,,0.4379620012509261
17_0nm_01run_1000d.txt,TriMap,2,8,4,0,0,9328,33,523,0.4972058267539905,0.5050627922937333,349,1355,0.1521979556619675,,0.3908100548917977
17_0nm_01run_1000d.txt,TriMap,2,8,6,0,0,9328,19,326,0.513372286093374,0.5502549877784472,296,1722,0.1511310495040559,,0.4527483275960755
17_0nm_01run_1000d.txt,TriMap,2,8,8,0,0,9328,19,366,0.5168531438825061,0.5720843244651502,206,1265,0.3506767882033771,,0.4205388761326104
17_0nm_01run_1000d.txt,TriMap,2,16,8,0,0,9328,19,474,0.5049812284953186,0.5700949650043743,129,1224,0.4295920768998436,0.1202112075099796,0.4704688219642996
17_0nm_01run_1000d.txt,TriMap,2,16,12,0,0,9328,17,420,0.508105870760917,0.6195947878886339,60,558,0.6415410876299716,0.0726313725913586,0.237599867824205
17_0nm_01run_1000d.txt,TriMap,2,16,16,0,0,9328,17,446,0.5053815276108875,,58,756,0.5917058344155446,,0.4336896121318775
17_0nm_01run_1000d.txt,TriMap,2,32,16,0,0,9328,16,468,0.5057482264896807,,28,339,0.5698870979095475,0.071173551054325,0.4971817269123591
17_0nm_01run_1000d.txt,TriMap,2,32,24,0,0,9328,25,1319,0.6192334114208198,,11,20,0.3584327149964829,-0.0618897592240306,0.3433010885293211
17_0nm_01run_1000d.txt,TriMap,2,32,32,0,0,9328,16,747,0.4843869316226429,0.658657303738224,28,527,0.5519291616750015,,0.3058402083505286
17_0nm_01run_1000d.txt,TriMap,2,64,32,0,0,9328,15,640,0.4960815173546569,0.6577109608354869,18,316,0.5994258872977271,0.0443671597137757,0.4918619060500592
17_0nm_01run_1000d.txt,TriMap,2,64,48,0,0,9328,16,979,0.459659889290488,,12,75,0.4211449059660881,0.0059897479260443,0.160097243673304
17_0nm_01run_1000d.txt,TriMap,2,64,64,0,0,9328,14,807,0.4457087746897026,,12,257,0.5070356118920445,-0.2361351949938765,0.2710254085594412
17_0nm_01run_1000d.txt,TriMap,2,128,64,0,0,9328,13,714,0.4515963172591037,,12,366,0.5496675297242076,-0.1458869372551366,0.3335931024026234
17_0nm_01run_1000d.txt,TriMap,2,128,96,0,0,9328,13,1491,0.4803357269428916,,11,225,0.5184650501069369,,0.4652720839183094
17_0nm_01run_1000d.txt,TriMap,2,128,128,0,0,9328,13,1612,0.4537033870770109,,8,250,0.2831798349168646,0.2067580364753622,0.5822288961072495
17_0nm_01run_1000d.txt,TriMap,2,256,128,0,0,9328,13,1612,0.4537033870770109,,8,212,0.2809952233177477,0.2201796926419748,0.4690226597946414
17_0nm_01run_1000d.txt,TriMap,2,256,192,0,0,9328,9,1568,0.2694716857730481,,8,433,0.2818537184486595,0.2087319153745676,0.6088067074047019
17_0nm_01run_1000d.txt,TriMap,2,256,256,0,0,9328,3,162,0.1338404696971576,,8,768,0.2775570204680496,0.1911924793256657,0.5771941045616541
17_0nm_01run_1000d.txt,TriMap,3,4,2,0,0,9328,739,2718,0.0427742319198723,,817,1563,0.0285088217148644,,0.4052579884965882
17_0nm_01run_1000d.txt,TriMap,3,4,3,0,0,9328,430,2548,0.2345355348591292,,676,1750,0.0320283450287974,,0.4413815011934162
17_0nm_01run_1000d.txt,TriMap,3,4,4,0,0,9328,109,1143,0.4087735012880561,0.480586765324343,512,1846,0.083429263849719,,0.4617961406890277
17_0nm_01run_1000d.txt,TriMap,3,8,4,0,0,9328,33,523,0.4972058267539905,0.5050627922937333,347,1320,0.1388656118397328,,0.4421401281652369
17_0nm_01run_1000d.txt,TriMap,3,8,6,0,0,9328,19,326,0.513372286093374,0.5502549877784472,279,1609,0.2302362346008678,0.1942072389833911,0.496031736890216
17_0nm_01run_1000d.txt,TriMap,3,8,8,0,0,9328,19,366,0.5168531438825061,0.5720843244651502,191,1145,0.433077878536646,0.1515436299896135,0.5401065564982067
17_0nm_01run_1000d.txt,TriMap,3,16,8,0,0,9328,19,474,0.5049812284953186,0.5700949650043743,106,838,0.5462333034339376,0.1122382984562546,0.5387665754904056
17_0nm_01run_1000d.txt,TriMap,3,16,12,0,0,9328,17,420,0.508105870760917,0.6195947878886339,57,473,0.6723183241513428,0.2439512007257344,0.6598949410002002
17_0nm_01run_1000d.txt,TriMap,3,16,16,0,0,9328,17,446,0.5053815276108875,,58,600,0.6759653121942317,,0.5629536348953823
17_0nm_01run_1000d.txt,TriMap,3,32,16,0,0,9328,16,468,0.5057482264896807,,33,280,0.7444800926616428,,0.6413448864488734
17_0nm_01run_1000d.txt,TriMap,3,32,24,0,0,9328,25,1319,0.6192334114208198,,27,420,0.729420966788692,,0.650665495453879
17_0nm_01run_1000d.txt,TriMap,3,32,32,0,0,9328,16,747,0.4843869316226429,0.658657303738224,18,186,0.6814261812957175,,0.5820890617791419
17_0nm_01run_1000d.txt,TriMap,3,64,32,0,0,9328,15,640,0.4960815173546569,0.6577109608354869,23,388,0.762420383296664,0.3067604373485195,0.5795487279583545
17_0nm_01run_1000d.txt,TriMap,3,64,48,0,0,9328,16,979,0.459659889290488,,17,340,0.6511315324437177,0.2411159345976201,0.6139875626481351
17_0nm_01run_1000d.txt,TriMap,3,64,64,0,0,9328,14,807,0.4457087746897026,,15,237,0.6511056344101115,0.2199261029478369,0.68515665910075
17_0nm_01run_1000d.txt,TriMap,3,128,64,0,0,9328,13,714,0.4515963172591037,,13,185,0.645940503406581,0.1344609676428091,0.6573485136768177
17_0nm_01run_1000d.txt,TriMap,3,128,96,0,0,9328,13,1491,0.4803357269428916,,12,415,0.5666905230720136,-0.0121934418891248,0.5885287532477924
17_0nm_01run_1000d.txt,TriMap,3,128,128,0,0,9328,13,1612,0.4537033870770109,,9,257,0.2981359541041332,0.3011278355343767,0.7426800094979993
17_0nm_01run_1000d.txt,TriMap,3,256,128,0,0,9328,13,1612,0.4537033870770109,,10,254,0.403276259667673,,0.1032248332438132
17_0nm_01run_1000d.txt,TriMap,3,256,192,0,0,9328,9,1568,0.2694716857730481,,9,589,0.2847560343216665,0.3122865667353949,0.6942420199137012
17_0nm_01run_1000d.txt,TriMap,3,256,256,0,0,9328,3,162,0.1338404696971576,,4,272,0.1424806889748167,0.3096264131602222,0.4709278388587022
17_0nm_01run_1000d.txt,PaCMAP,2,4,2,10,0,9328,739,2718,0.0427742319198723,,881,1399,0.0275886011994173,,0.4177441094503742
17_0nm_01run_1000d.txt,PaCMAP,2,4,3,10,0,9328,430,2548,0.2345355348591292,,765,1843,0.0238971168732107,,0.4413808389291284
17_0nm_01run_1000d.txt,PaCMAP,2,4,4,10,0,9328,109,1143,0.4087735012880561,0.480586765324343,588,1990,0.0307406569382487,,0.4537481023972874
17_0nm_01run_1000d.txt,PaCMAP,2,8,4,10,0,9328,33,523,0.4972058267539905,0.5050627922937333,373,1466,0.1112776090561609,,0.4494729736479089
17_0nm_01run_1000d.txt,PaCMAP,2,8,6,10,0,9328,19,326,0.513372286093374,0.5502549877784472,299,1475,0.2057761745302854,,0.5112523849177987
17_0nm_01run_1000d.txt,PaCMAP,2,8,8,10,0,9328,19,366,0.5168531438825061,0.5720843244651502,257,1565,0.2552026369463134,,0.5135127530939864
17_0nm_01run_1000d.txt,PaCMAP,2,16,8,10,0,9328,19,474,0.5049812284953186,0.5700949650043743,119,838,0.5218404047889854,0.0260124758200678,0.5080306402253739
17_0nm_01run_1000d.txt,PaCMAP,2,16,12,10,0,9328,17,420,0.508105870760917,0.6195947878886339,103,935,0.5356808040154498,,0.4903350227869527
17_0nm_01run_1000d.txt,PaCMAP,2,16,16,10,0,9328,17,446,0.5053815276108875,,82,948,0.5748813049891991,0.0438898610165524,0.550200461427619
17_0nm_01run_1000d.txt,PaCMAP,2,32,16,10,0,9328,16,468,0.5057482264896807,,35,351,0.5354385719114313,-0.0723848334151366,0.5143499774208624
17_0nm_01run_1000d.txt,PaCMAP,2,32,24,10,0,9328,25,1319,0.6192334114208198,,14,0,0.5552128386791411,-0.1160364600447216,0.5280828005362423
17_0nm_01run_1000d.txt,PaCMAP,2,32,32,10,0,9328,16,747,0.4843869316226429,0.658657303738224,14,0,0.5552128386791411,-0.1160364600447216,0.5280828005362423
17_0nm_01run_1000d.txt,PaCMAP,2,64,32,10,0,9328,15,640,0.4960815173546569,0.6577109608354869,14,0,0.5552128386791411,-0.1160364600447216,0.5280828005362423
17_0nm_01run_1000d.txt,PaCMAP,2,64,48,10,0,9328,16,979,0.459659889290488,,14,25,0.5530461689857643,-0.1114793474383771,0.5313652147354274
17_0nm_01run_1000d.txt,PaCMAP,2,64,64,10,0,9328,14,807,0.4457087746897026,,15,33,0.5484441910930737,-0.1079814504001761,0.4720457691146382
17_0nm_01run_1000d.txt,PaCMAP,2,128,64,10,0,9328,13,714,0.4515963172591037,,13,0,0.529897083613869,-0.0457262881247257,0.3620868895468486
17_0nm_01run_1000d.txt,PaCMAP,2,128,96,10,0,9328,13,1491,0.4803357269428916,,13,190,0.5404960980252479,,0.4383792279983787
17_0nm_01run_1000d.txt,PaCMAP,2,128,128,10,0,9328,13,1612,0.4537033870770109,,11,547,0.590727759342103,-0.0920711229947931,0.4014426790275331
17_0nm_01run_1000d.txt,PaCMAP,2,256,128,10,0,9328,13,1612,0.4537033870770109,,11,547,0.590727759342103,-0.0920711229947931,0.4014426790275331
17_0nm_01run_1000d.txt,PaCMAP,2,256,192,10,0,9328,9,1568,0.2694716857730481,,12,1020,0.5256732724115245,0.0814683525649149,0.4948895720831867
17_0nm_01run_1000d.txt,PaCMAP,2,256,256,10,0,9328,3,162,0.1338404696971576,,7,1109,0.3507501785072008,,0.1912113245718602
17_0nm_01run_1000d.txt,PaCMAP,3,4,2,10,0,9328,739,2718,0.0427742319198723,,879,1409,0.0286302456523739,,0.4333573416997198
17_0nm_01run_1000d.txt,PaCMAP,3,4,3,10,0,9328,430,2548,0.2345355348591292,,737,1812,0.0268271216937074,,0.4546899635100786
17_0nm_01run_1000d.txt,PaCMAP,3,4,4,10,0,9328,109,1143,0.4087735012880561,0.480586765324343,577,1915,0.0325385727524183,,0.4642352036164384
17_0nm_01run_1000d.txt,PaCMAP,3,8,4,10,0,9328,33,523,0.4972058267539905,0.5050627922937333,370,1418,0.114813003341334,,0.452664311096836
17_0nm_01run_1000d.txt,PaCMAP,3,8,6,10,0,9328,19,326,0.513372286093374,0.5502549877784472,330,1664,0.1085128668607553,,0.4890188138196504
17_0nm_01run_1000d.txt,PaCMAP,3,8,8,10,0,9328,19,366,0.5168531438825061,0.5720843244651502,277,1776,0.1477401664531462,,0.5287733464154868
17_0nm_01run_1000d.txt,PaCMAP,3,16,8,10,0,9328,19,474,0.5049812284953186,0.5700949650043743,124,893,0.4909362624161452,0.1309592952475844,0.6038102710106652
17_0nm_01run_1000d.txt,PaCMAP,3,16,12,10,0,9328,17,420,0.508105870760917,0.6195947878886339,102,1010,0.5040338297161815,,0.5749954385779975
17_0nm_01run_1000d.txt,PaCMAP,3,16,16,10,0,9328,17,446,0.5053815276108875,,76,938,0.5396407395926616,0.1411358748308662,0.6918210877170865
17_0nm_01run_1000d.txt,PaCMAP,3,32,16,10,0,9328,16,468,0.5057482264896807,,45,475,0.6258729941110065,0.1017324806902003,0.6464469261214255
17_0nm_01run_1000d.txt,PaCMAP,3,32,24,10,0,9328,25,1319,0.6192334114208198,,12,2,0.5194297222127433,0.1089262500710032,0.7728591184662608
17_0nm_01run_1000d.txt,PaCMAP,3,32,32,10,0,9328,16,747,0.4843869316226429,0.658657303738224,11,4,0.5242858034062717,0.1843644554123888,0.8249772049548271
17_0nm_01run_1000d.txt,PaCMAP,3,64,32,10,0,9328,15,640,0.4960815173546569,0.6577109608354869,11,4,0.5242858034062717,0.1843644554123888,0.8249772049548271
17_0nm_01run_1000d.txt,PaCMAP,3,64,48,10,0,9328,16,979,0.459659889290488,,13,11,0.5787686748868504,,0.3841627010620179
17_0nm_01run_1000d.txt,PaCMAP,3,64,64,10,0,9328,14,807,0.4457087746897026,,13,45,0.6153573283148169,0.1514734525428803,0.6361771122751603
17_0nm_01run_1000d.txt,PaCMAP,3,128,64,10,0,9328,13,714,0.4515963172591037,,13,45,0.6153573283148169,0.1514734525428803,0.6361771122751603
17_0nm_01run_1000d.txt,PaCMAP,3,128,96,10,0,9328,13,1491,0.4803357269428916,,12,15,0.6084074537403673,-0.1513601778314647,0.4768117180215549
17_0nm_01run_1000d.txt,PaCMAP,3,128,128,10,0,9328,13,1612,0.4537033870770109,,11,0,0.6134161109784613,-0.2788320017188404,0.3850950188658111
17_0nm_01run_1000d.txt,PaCMAP,3,256,128,10,0,9328,13,1612,0.4537033870770109,,11,0,0.6134161109784613,-0.2788320017188404,0.3850950188658111
17_0nm_01run_1000d.txt,PaCMAP,3,256,192,10,0,9328,9,1568,0.2694716857730481,,9,15,0.4974272501429983,-0.0007981270564108,0.8226079784738467
17_0nm_01run_1000d.txt,PaCMAP,3,256,256,10,0,9328,3,162,0.1338404696971576,,9,339,0.4865516170283765,-0.0177063783378229,0.8014809874301543
01_0nm_00run_10d.txt,tSNE,2,4,2,0,0,8008,668,2305,0.016057327457224,0.29566882169145,737,936,0.0398576551617924,0.2071525405118418,0.3917990393328756
01_0nm_00run_10d.txt,tSNE,2,4,3,0,0,8008,288,1654,0.2755846077883853,0.2625095059646057,558,1092,0.1246417066554518,0.1640102872978734,0.3781572765708491
01_0nm_00run_10d.txt,tSNE,2,4,4,0,0,8008,194,1791,0.2806873879423815,0.2545589504361822,325,833,0.355397830979315,-0.013421025355198,0.3217835825928727
01_0nm_00run_10d.txt,tSNE,2,8,4,0,0,8008,96,1365,0.3566216392346572,0.2458184769585021,165,497,0.5758563955186202,-0.1657233531746421,0.2706118876516608
01_0nm_00run_10d.txt,tSNE,2,8,6,0,0,8008,90,1922,0.3301932273939277,0.3685035105061436,157,680,0.5543208528315612,-0.1582521015377411,0.3174651664833236
01_0nm_00run_10d.txt,tSNE,2,8,8,0,0,8008,66,1684,0.3319699152526682,0.3131794678995168,104,597,0.6416425510241361,-0.2851924515616279,0.2886874167456736
01_0nm_00run_10d.txt,tSNE,2,16,8,0,0,8008,42,1739,0.3356123714901691,0.2879588569119926,31,41,0.7339587938758689,-0.5187313782750412,0.1403271705008693
01_0nm_00run_10d.txt,tSNE,2,16,12,0,0,8008,26,1191,0.4011349044683893,0.3503768387502516,24,55,0.692232425442209,-0.5152971598557439,0.1645858570640316
01_0nm_00run_10d.txt,tSNE,2,16,16,0,0,8008,30,1510,0.4118354228762888,0.3543577160538935,23,82,0.7020688232424988,-0.54349440511079,0.2008271862929405
01_0nm_00run_10d.txt,tSNE,2,32,16,0,0,8008,23,1415,0.4333053931519101,0.3394534156294392,21,81,0.7041039946786468,-0.539529278587504,0.1941546073854775
01_0nm_00run_10d.txt,tSNE,2,32,24,0,0,8008,20,1363,0.3856698293976093,0.4186203849079747,16,29,0.7016315712002826,-0.5397362595660153,0.2017765707526288
01_0nm_00run_10d.txt,tSNE,2,32,32,0,0,8008,20,1466,0.3732301939994299,0.368689243052757,15,90,0.7331703035701255,-0.4665582972081109,0.2663403758209192
01_0nm_00run_10d.txt,tSNE,2,64,32,0,0,8008,16,1485,0.3648169030272059,0.3485746341877831,15,90,0.7331703035701255,-0.4665582972081109,0.2663403758209192
01_0nm_00run_10d.txt,tSNE,2,64,48,0,0,8008,17,1547,0.3498510181896081,0.3378102543281374,12,77,0.5679771457983509,-0.5791016861665685,0.1088494206802208
01_0nm_00run_10d.txt,tSNE,2,64,64,0,0,8008,16,1537,0.342684957623673,0.371387544803934,16,338,0.71758297714229,-0.400558465580046,0.2592296642457802
01_0nm_00run_10d.txt,tSNE,2,128,64,0,0,8008,10,1111,0.3761224690209671,0.297086687616492,15,454,0.7099083653146754,-0.4031150263485828,0.2473095138064112
01_0nm_00run_10d.txt,tSNE,2,128,96,0,0,8008,10,1402,0.3551498124203623,0.4013039835945929,10,561,0.4698862094815264,-0.3206519635900512,0.1900620196844302
01_0nm_00run_10d.txt,tSNE,2,128,128,0,0,8008,9,1764,0.3261265729477681,0.2727027361056062,12,1249,0.3950770534632349,-0.1403984228680762,0.2858427247814298
01_0nm_00run_10d.txt,tSNE,2,256,128,0,0,8008,8,1963,0.3195456845185778,0.2600054140170035,10,1108,0.403528112406668,-0.2127091731473103,0.2124674069396105
01_0nm_00run_10d.txt,tSNE,2,256,192,0,0,8008,6,2525,0.2474931134433779,0.2574119272170876,2,194,0.057715585310888,-0.4238009150260906,-0.1814527399189202
01_0nm_00run_10d.txt,tSNE,2,256,256,0,0,8008,6,3006,0.2177427639383491,0.2455122436135997,3,3193,0.1310592192242673,-0.2007145091566832,-0.0219132673904016
01_0nm_00run_10d.txt,tSNE,3,4,2,0,0,8008,668,2305,0.016057327457224,0.29566882169145,769,1225,0.0274932896970567,0.2557982882803062,0.388443704742163
01_0nm_00run_10d.txt,tSNE,3,4,3,0,0,8008,288,1654,0.2755846077883853,0.2625095059646057,654,1521,0.0294116274919888,0.2607055873940492,0.3994216187016026
01_0nm_00run_10d.txt,tSNE,3,4,4,0,0,8008,194,1791,0.2806873879423815,0.2545589504361822,473,1652,0.0795884819051873,0.2565904980594264,0.401396621178835
01_0nm_00run_10d.txt,tSNE,3,8,4,0,0,8008,96,1365,0.3566216392346572,0.2458184769585021,212,856,0.3006279262757562,-0.004884653958685,0.262219781758775
01_0nm_00run_10d.txt,tSNE,3,8,6,0,0,8008,90,1922,0.3301932273939277,0.3685035105061436,158,997,0.3979098234939265,-0.0394219074456403,0.2578267119744986
01_0nm_00run_10d.txt,tSNE,3,8,8,0,0,8008,66,1684,0.3319699152526682,0.3131794678995168,126,1067,0.3999133299171907,-0.0409857040424031,0.2529831674269092
01_0nm_00run_10d.txt,tSNE,3,16,8,0,0,8008,42,1739,0.3356123714901691,0.2879588569119926,37,386,0.5325344780308452,-0.282795081938432,0.152754975017317
01_0nm_00run_10d.txt,tSNE,3,16,12,0,0,8008,26,1191,0.4011349044683893,0.3503768387502516,53,892,0.4584685171617637,-0.0609462379941966,0.3380218242585299
01_0nm_00run_10d.txt,tSNE,3,16,16,0,0,8008,30,1510,0.4118354228762888,0.3543577160538935,14,261,0.4526546607421061,-0.3013897825518405,0.1566807767360585
01_0nm_00run_10d.txt,tSNE,3,32,16,0,0,8008,23,1415,0.4333053931519101,0.3394534156294392,13,248,0.4527607083365538,-0.3174644680279326,0.1609397447982389
01_0nm_00run_10d.txt,tSNE,3,32,24,0,0,8008,20,1363,0.3856698293976093,0.4186203849079747,7,0,0.3041491628036931,-0.5444618664989741,-0.0813431718011069
01_0nm_00run_10d.txt,tSNE,3,32,32,0,0,8008,20,1466,0.3732301939994299,0.368689243052757,9,12,0.4145041028061715,-0.5452565515695991,-0.2305970581908493
01_0nm_00run_10d.txt,tSNE,3,64,32,0,0,8008,16,1485,0.3648169030272059,0.3485746341877831,9,12,0.4145041028061715,-0.5452565515695991,-0.2305970581908493
01_0nm_00run_10d.txt,tSNE,3,64,48,0,0,8008,17,1547,0.3498510181896081,0.3378102543281374,7,11,0.3021518620127761,-0.5671064065283408,-0.3031990308665739
01_0nm_00run_10d.txt,tSNE,3,64,64,0,0,8008,16,1537,0.342684957623673,0.371387544803934,6,90,0.1700693601413627,-0.6767037375537431,-0.366785167173468
01_0nm_00run_10d.txt,tSNE,3,128,64,0,0,8008,10,1111,0.3761224690209671,0.297086687616492,5,184,0.1702795585486141,-0.6789785155021234,-0.3761402332176237
01_0nm_00run_10d.txt,tSNE,3,128,96,0,0,8008,10,1402,0.3551498124203623,0.4013039835945929,12,1651,0.3518902527277622,-0.124115439269159,0.3078150856859855
01_0nm_00run_10d.txt,tSNE,3,128,128,0,0,8008,9,1764,0.3261265729477681,0.2727027361056062,2,138,0.0215665796813835,-0.9520929207178432,-0.7893094010712185
01_0nm_00run_10d.txt,tSNE,3,256,128,0,0,8008,8,1963,0.3195456845185778,0.2600054140170035,2,138,0.0215665796813835,-0.9520929207178432,-0.7893094010712185
01_0nm_00run_10d.txt,tSNE,3,256,192,0,0,8008,6,2525,0.2474931134433779,0.2574119272170876,3,2574,0.0687805659146951,-0.2395827892753217,-0.0462141751924447
01_0nm_00run_10d.txt,tSNE,3,256,256,0,0,8008,6,3006,0.2177427639383491,0.2455122436135997,2,3363,0.0583663517979097,-0.255392259127938,0.0917985145290328
01_0nm_00run_10d.txt,UMAP,2,4,2,0,0,8008,668,2305,0.016057327457224,0.29566882169145,796,1008,0.0286360957595553,0.083708753963689,0.4903552933701595
01_0nm_00run_10d.txt,UMAP,2,4,3,0,0,8008,288,1654,0.2755846077883853,0.2625095059646057,670,1098,0.0348314454760234,0.0907765773755114,0.5202706566070566
01_0nm_00run_10d.txt,UMAP,2,4,4,0,0,8008,194,1791,0.2806873879423815,0.2545589504361822,535,1145,0.0421784214529318,0.0781462309951137,0.541101388673301
01_0nm_00run_10d.txt,UMAP,2,8,4,0,0,8008,96,1365,0.3566216392346572,0.2458184769585021,377,863,0.0745462097310561,-0.0016313196319671,0.5132061643030825
01_0nm_00run_10d.txt,UMAP,2,8,6,0,0,8008,90,1922,0.3301932273939277,0.3685035105061436,346,1090,0.064304260999614,0.0197844257838822,0.5211306261346347
01_0nm_00run_10d.txt,UMAP,2,8,8,0,0,8008,66,1684,0.3319699152526682,0.3131794678995168,307,1221,0.0919344377394363,0.0286086465037147,0.5189679958494252
01_0nm_00run_10d.txt,UMAP,2,16,8,0,0,8008,42,1739,0.3356123714901691,0.2879588569119926,156,701,0.4423627475419882,-0.0848896519124023,0.5317307066399315
01_0nm_00run_10d.txt,UMAP,2,16,12,0,0,8008,26,1191,0.4011349044683893,0.3503768387502516,130,815,0.4535796003800736,-0.088179233987099,0.5725222720368881
01_0nm_00run_10d.txt,UMAP,2,16,16,0,0,8008,30,1510,0.4118354228762888,0.3543577160538935,80,538,0.5684111418413835,-0.2207108804168755,0.4557928896258691
01_0nm_00run_10d.txt,UMAP,2,32,16,0,0,8008,23,1415,0.4333053931519101,0.3394534156294392,29,110,0.6291169519728055,-0.4278704254596813,0.4924428442606167
01_0nm_00run_10d.txt,UMAP,2,32,24,0,0,8008,20,1363,0.3856698293976093,0.4186203849079747,24,121,0.6365504605580166,-0.4811597658427154,0.4659047404021603
01_0nm_00run_10d.txt,UMAP,2,32,32,0,0,8008,20,1466,0.3732301939994299,0.368689243052757,25,182,0.7077495229376175,-0.4879712366526015,0.388983097433309
01_0nm_00run_10d.txt,UMAP,2,64,32,0,0,8008,16,1485,0.3648169030272059,0.3485746341877831,28,330,0.7028668711774461,-0.3786560628414627,0.3651195770019915
01_0nm_00run_10d.txt,UMAP,2,64,48,0,0,8008,17,1547,0.3498510181896081,0.3378102543281374,22,290,0.6679663149408416,-0.3973711316262452,0.3988783543112399
01_0nm_00run_10d.txt,UMAP,2,64,64,0,0,8008,16,1537,0.342684957623673,0.371387544803934,23,504,0.6916635314614177,-0.3661346230811262,0.4683178628120814
01_0nm_00run_10d.txt,UMAP,2,128,64,0,0,8008,10,1111,0.3761224690209671,0.297086687616492,17,386,0.6781451166532474,-0.4942348161143633,0.4402992882170553
01_0nm_00run_10d.txt,UMAP,2,128,96,0,0,8008,10,1402,0.3551498124203623,0.4013039835945929,8,0,0.3377256919034561,-0.6497675319594918,0.250888805363121
01_0nm_00run_10d.txt,UMAP,2,128,128,0,0,8008,9,1764,0.3261265729477681,0.2727027361056062,8,52,0.3413035200470465,-0.6456443851739746,0.249121668696144
01_0nm_00run_10d.txt,UMAP,2,256,128,0,0,8008,8,1963,0.3195456845185778,0.2600054140170035,8,52,0.3413035200470465,-0.6456443851739746,0.249121668696144
01_0nm_00run_10d.txt,UMAP,2,256,192,0,0,8008,6,2525,0.2474931134433779,0.2574119272170876,3,0,0.0371227384782872,-0.8543582770507302,-0.6814587803913091
01_0nm_00run_10d.txt,UMAP,2,256,256,0,0,8008,6,3006,0.2177427639383491,0.2455122436135997,2,0,0.012240984112891,-0.5365987439950161,0.4778302114613362
01_0nm_00run_10d.txt,UMAP,3,4,2,0,0,8008,668,2305,0.016057327457224,0.29566882169145,762,906,0.033616417515763,0.0825892281738031,0.5075001460345823
01_0nm_00run_10d.txt,UMAP,3,4,3,0,0,8008,288,1654,0.2755846077883853,0.2625095059646057,655,1054,0.0363197881203725,0.0938764686567883,0.5331239580554482
01_0nm_00run_10d.txt,UMAP,3,4,4,0,0,8008,194,1791,0.2806873879423815,0.2545589504361822,534,1208,0.0401057019760662,0.0778673215739295,0.5348667277355693
01_0nm_00run_10d.txt,UMAP,3,8,4,0,0,8008,96,1365,0.3566216392346572,0.2458184769585021,380,912,0.066006737267677,-0.0017678498126752,0.5210557989068237
01_0nm_00run_10d.txt,UMAP,3,8,6,0,0,8008,90,1922,0.3301932273939277,0.3685035105061436,343,1211,0.057642959321414,0.0326844737418772,0.5337108375526725
01_0nm_00run_10d.txt,UMAP,3,8,8,0,0,8008,66,1684,0.3319699152526682,0.3131794678995168,311,1345,0.0595849407028339,0.0464440250161926,0.5339489043269388
01_0nm_00run_10d.txt,UMAP,3,16,8,0,0,8008,42,1739,0.3356123714901691,0.2879588569119926,163,756,0.346017682566311,-0.0538280161905114,0.5429719019866136
01_0nm_00run_10d.txt,UMAP,3,16,12,0,0,8008,26,1191,0.4011349044683893,0.3503768387502516,91,452,0.6038183508398762,-0.2732894385107765,0.5479310948332
01_0nm_00run_10d.txt,UMAP,3,16,16,0,0,8008,30,1510,0.4118354228762888,0.3543577160538935,64,391,0.6447826016079325,-0.3094738094216466,0.5634978967876776
01_0nm_00run_10d.txt,UMAP,3,32,16,0,0,8008,23,1415,0.4333053931519101,0.3394534156294392,30,123,0.5998747487099216,-0.430475026923804,0.5186676440461447
01_0nm_00run_10d.txt,UMAP,3,32,24,0,0,8008,20,1363,0.3856698293976093,0.4186203849079747,25,90,0.6160598034266899,-0.379885985586423,0.4663317149935757
01_0nm_00run_10d.txt,UMAP,3,32,32,0,0,8008,20,1466,0.3732301939994299,0.368689243052757,26,207,0.5995909126180086,-0.3605877851037692,0.4847475735142634
01_0nm_00run_10d.txt,UMAP,3,64,32,0,0,8008,16,1485,0.3648169030272059,0.3485746341877831,26,257,0.6748133011354488,-0.33636102249621,0.4277446047723193
01_0nm_00run_10d.txt,UMAP,3,64,48,0,0,8008,17,1547,0.3498510181896081,0.3378102543281374,23,315,0.6108760436001126,-0.2750900809219657,0.5790220510331269
01_0nm_00run_10d.txt,UMAP,3,64,64,0,0,8008,16,1537,0.342684957623673,0.371387544803934,16,89,0.5091474075249113,-0.4992345310159726,0.240828511960272
01_0nm_00run_10d.txt,UMAP,3,128,64,0,0,8008,10,1111,0.3761224690209671,0.297086687616492,14,117,0.5158251608584494,-0.5384485715225539,0.2206956088991684
01_0nm_00run_10d.txt,UMAP,3,128,96,0,0,8008,10,1402,0.3551498124203623,0.4013039835945929,8,99,0.3138008303186302,-0.5987644526914775,0.3766388234530075
01_0nm_00run_10d.txt,UMAP,3,128,128,0,0,8008,9,1764,0.3261265729477681,0.2727027361056062,9,143,0.3973797568607103,-0.6746318506474656,-0.056655555764223
01_0nm_00run_10d.txt,UMAP,3,256,128,0,0,8008,8,1963,0.3195456845185778,0.2600054140170035,9,143,0.3973797568607103,-0.6746318506474656,-0.056655555764223
01_0nm_00run_10d.txt,UMAP,3,256,192,0,0,8008,6,2525,0.2474931134433779,0.2574119272170876,6,229,0.2697394841448574,-0.5823700701306057,0.6289002500385782
01_0nm_00run_10d.txt,UMAP,3,256,256,0,0,8008,6,3006,0.2177427639383491,0.2455122436135997,5,190,0.2653558999034782,-0.5541928801311109,0.6361532183783111
01_0nm_00run_10d.txt,TriMap,2,4,2,0,0,8008,668,2305,0.016057327457224,0.29566882169145,715,1258,0.030580889976695,0.0279170894876879,0.4065887157473886
01_0nm_00run_10d.txt,TriMap,2,4,3,0,0,8008,288,1654,0.2755846077883853,0.2625095059646057,592,1577,0.0305326708152411,0.0245606579958483,0.4307886892402442
01_0nm_00run_10d.txt,TriMap,2,4,4,0,0,8008,194,1791,0.2806873879423815,0.2545589504361822,467,1663,0.035671070991752,0.0421615590105047,0.4281554399453621
01_0nm_00run_10d.txt,TriMap,2,8,4,0,0,8008,96,1365,0.3566216392346572,0.2458184769585021,337,1428,0.0690287605915396,0.0285805684283797,0.3947220069475314
01_0nm_00run_10d.txt,TriMap,2,8,6,0,0,8008,90,1922,0.3301932273939277,0.3685035105061436,292,1757,0.05808939883113,0.0543464342905536,0.445505214608261
01_0nm_00run_10d.txt,TriMap,2,8,8,0,0,8008,66,1684,0.3319699152526682,0.3131794678995168,249,1633,0.1212621800481906,0.0505802773472115,0.4210473639380164
01_0nm_00run_10d.txt,TriMap,2,16,8,0,0,8008,42,1739,0.3356123714901691,0.2879588569119926,134,1455,0.186028218758543,-0.006248035625015,0.4037974506879753
01_0nm_00run_10d.txt,TriMap,2,16,12,0,0,8008,26,1191,0.4011349044683893,0.3503768387502516,97,1069,0.3148366499548681,-0.1039696670300805,0.3201431264739023
01_0nm_00run_10d.txt,TriMap,2,16,16,0,0,8008,30,1510,0.4118354228762888,0.3543577160538935,67,1181,0.3893200522453046,-0.123152785065821,0.2664959215554141
01_0nm_00run_10d.txt,TriMap,2,32,16,0,0,8008,23,1415,0.4333053931519101,0.3394534156294392,44,1030,0.4266445586290428,-0.2000755128388941,0.2689918258887924
01_0nm_00run_10d.txt,TriMap,2,32,24,0,0,8008,20,1363,0.3856698293976093,0.4186203849079747,36,1356,0.4103051335512195,0.0486167188231827,0.3648874690431896
01_0nm_00run_10d.txt,TriMap,2,32,32,0,0,8008,20,1466,0.3732301939994299,0.368689243052757,20,846,0.4577573647660584,0.1067015946189215,0.2869950324942598
01_0nm_00run_10d.txt,TriMap,2,64,32,0,0,8008,16,1485,0.3648169030272059,0.3485746341877831,17,668,0.4417237332070608,0.0306266963658452,0.1977555526193422
01_0nm_00run_10d.txt,TriMap,2,64,48,0,0,8008,17,1547,0.3498510181896081,0.3378102543281374,14,588,0.4355491341738478,-0.1911762792263243,0.0727582659929642
01_0nm_00run_10d.txt,TriMap,2,64,64,0,0,8008,16,1537,0.342684957623673,0.371387544803934,13,799,0.4250631409097354,0.0392683008898931,0.3296619355533854
01_0nm_00run_10d.txt,TriMap,2,128,64,0,0,8008,10,1111,0.3761224690209671,0.297086687616492,13,825,0.4541770346530712,-0.0648550147507326,0.0797721156222903
01_0nm_00run_10d.txt,TriMap,2,128,96,0,0,8008,10,1402,0.3551498124203623,0.4013039835945929,11,953,0.4141974576727369,-0.0520267352155617,0.1884712024796734
01_0nm_00run_10d.txt,TriMap,2,128,128,0,0,8008,9,1764,0.3261265729477681,0.2727027361056062,7,490,0.2812863929351686,0.0401760801969041,0.3066411171657449
01_0nm_00run_10d.txt,TriMap,2,256,128,0,0,8008,8,1963,0.3195456845185778,0.2600054140170035,8,337,0.3543395230028743,-0.1388952099681646,0.1784406798389669
01_0nm_00run_10d.txt,TriMap,2,256,192,0,0,8008,6,2525,0.2474931134433779,0.2574119272170876,7,774,0.2724206031868376,0.0853303289798208,0.3206174259567787
01_0nm_00run_10d.txt,TriMap,2,256,256,0,0,8008,6,3006,0.2177427639383491,0.2455122436135997,5,978,0.2476236520674395,0.0325034259808877,0.471319165218026
01_0nm_00run_10d.txt,TriMap,3,4,2,0,0,8008,668,2305,0.016057327457224,0.29566882169145,698,1424,0.0297306386446255,0.0720312676130661,0.4146562924481111
01_0nm_00run_10d.txt,TriMap,3,4,3,0,0,8008,288,1654,0.2755846077883853,0.2625095059646057,580,1575,0.031107265223185,0.0815092934220813,0.4104529391245778
01_0nm_00run_10d.txt,TriMap,3,4,4,0,0,8008,194,1791,0.2806873879423815,0.2545589504361822,462,1706,0.033976029905236,0.1298391997848735,0.4543589932157669
01_0nm_00run_10d.txt,TriMap,3,8,4,0,0,8008,96,1365,0.3566216392346572,0.2458184769585021,334,1496,0.0570312075103181,0.0746330766353014,0.4491689410411409
01_0nm_00run_10d.txt,TriMap,3,8,6,0,0,8008,90,1922,0.3301932273939277,0.3685035105061436,295,1676,0.0612968167747332,0.0947422359497435,0.4556450979025994
01_0nm_00run_10d.txt,TriMap,3,8,8,0,0,8008,66,1684,0.3319699152526682,0.3131794678995168,248,1719,0.1250990104876607,0.1461313067412861,0.4750756650881504
01_0nm_00run_10d.txt,TriMap,3,16,8,0,0,8008,42,1739,0.3356123714901691,0.2879588569119926,131,1211,0.2897040042328189,0.0646789532524098,0.4087827579595436
01_0nm_00run_10d.txt,TriMap,3,16,12,0,0,8008,26,1191,0.4011349044683893,0.3503768387502516,93,1326,0.3136800582585914,0.0374101449239067,0.3885443233736009
01_0nm_00run_10d.txt,TriMap,3,16,16,0,0,8008,30,1510,0.4118354228762888,0.3543577160538935,74,1076,0.3958156897472034,0.070365135013024,0.3812953439963512
01_0nm_00run_10d.txt,TriMap,3,32,16,0,0,8008,23,1415,0.4333053931519101,0.3394534156294392,40,901,0.427533252313853,-0.0227430384795024,0.3947425916090207
01_0nm_00run_10d.txt,TriMap,3,32,24,0,0,8008,20,1363,0.3856698293976093,0.4186203849079747,34,884,0.5231194526372396,0.0472184145724072,0.3929230248844952
01_0nm_00run_10d.txt,TriMap,3,32,32,0,0,8008,20,1466,0.3732301939994299,0.368689243052757,25,877,0.5251345179927092,-0.0539264194182898,0.420101724678687
01_0nm_00run_10d.txt,TriMap,3,64,32,0,0,8008,16,1485,0.3648169030272059,0.3485746341877831,22,795,0.51356601226695,-0.0435435399909644,0.1876723924902365
01_0nm_00run_10d.txt,TriMap,3,64,48,0,0,8008,17,1547,0.3498510181896081,0.3378102543281374,19,974,0.5060869745357927,0.0615319803656846,0.3170897598361735
01_0nm_00run_10d.txt,TriMap,3,64,64,0,0,8008,16,1537,0.342684957623673,0.371387544803934,18,1179,0.4796553767911157,0.2219136986656796,0.4442088454205432
01_0nm_00run_10d.txt,TriMap,3,128,64,0,0,8008,10,1111,0.3761224690209671,0.297086687616492,13,609,0.489860995450584,0.1380009497930353,0.4535034870622053
01_0nm_00run_10d.txt,TriMap,3,128,96,0,0,8008,10,1402,0.3551498124203623,0.4013039835945929,11,687,0.3418218832980514,0.017191281596567,0.3744667980170226
01_0nm_00run_10d.txt,TriMap,3,128,128,0,0,8008,9,1764,0.3261265729477681,0.2727027361056062,6,271,0.2512963075681868,-0.3969613074198954,0.1556269468024315
01_0nm_00run_10d.txt,TriMap,3,256,128,0,0,8008,8,1963,0.3195456845185778,0.2600054140170035,8,507,0.3218309214889459,-0.2034744210659821,0.207566632404088
01_0nm_00run_10d.txt,TriMap,3,256,192,0,0,8008,6,2525,0.2474931134433779,0.2574119272170876,5,371,0.2121679751816094,-0.3260122754526631,0.0228551863722888
01_0nm_00run_10d.txt,TriMap,3,256,256,0,0,8008,6,3006,0.2177427639383491,0.2455122436135997,5,1005,0.2414191357940592,-0.0270587305523584,0.319293981447193
01_0nm_00run_10d.txt,PaCMAP,2,4,2,10,0,8008,668,2305,0.016057327457224,0.29566882169145,707,1156,0.0326514432505964,0.004207239589618,0.4189753911478254
01_0nm_00run_10d.txt,PaCMAP,2,4,3,10,0,8008,288,1654,0.2755846077883853,0.2625095059646057,573,1412,0.0532166986585469,0.0259727514028974,0.4528528404208155
01_0nm_00run_10d.txt,PaCMAP,2,4,4,10,0,8008,194,1791,0.2806873879423815,0.2545589504361822,468,1667,0.0510807476115771,0.0530837862108664,0.4748326214835508
01_0nm_00run_10d.txt,PaCMAP,2,8,4,10,0,8008,96,1365,0.3566216392346572,0.2458184769585021,329,1305,0.0813359190024923,-0.0056001118196046,0.4543274989454207
01_0nm_00run_10d.txt,PaCMAP,2,8,6,10,0,8008,90,1922,0.3301932273939277,0.3685035105061436,275,1391,0.1431770562579947,-0.005348271332615,0.4606162529660668
01_0nm_00run_10d.txt,PaCMAP,2,8,8,10,0,8008,66,1684,0.3319699152526682,0.3131794678995168,245,1527,0.1413564147259702,0.0095137832365769,0.4823841422429868
01_0nm_00run_10d.txt,PaCMAP,2,16,8,10,0,8008,42,1739,0.3356123714901691,0.2879588569119926,148,1255,0.2062731507401588,-0.0654001383217127,0.409006948507909
01_0nm_00run_10d.txt,PaCMAP,2,16,12,10,0,8008,26,1191,0.4011349044683893,0.3503768387502516,126,1539,0.198396994876538,-0.0201930009140243,0.4128763726727159
01_0nm_00run_10d.txt,PaCMAP,2,16,16,10,0,8008,30,1510,0.4118354228762888,0.3543577160538935,97,1461,0.2311450738939426,-0.001813497007759,0.4126262520870854
01_0nm_00run_10d.txt,PaCMAP,2,32,16,10,0,8008,23,1415,0.4333053931519101,0.3394534156294392,37,436,0.3192696656233764,-0.2132484525478578,0.2536332059541528
01_0nm_00run_10d.txt,PaCMAP,2,32,24,10,0,8008,20,1363,0.3856698293976093,0.4186203849079747,23,195,0.3635349398806221,-0.3302939416473444,0.2270333277736843
01_0nm_00run_10d.txt,PaCMAP,2,32,32,10,0,8008,20,1466,0.3732301939994299,0.368689243052757,40,1053,0.3942093886626103,-0.2007775395203669,0.3470619691009938
01_0nm_00run_10d.txt,PaCMAP,2,64,32,10,0,8008,16,1485,0.3648169030272059,0.3485746341877831,30,767,0.4113717457495683,-0.3529605952571682,0.3149547784265137
01_0nm_00run_10d.txt,PaCMAP,2,64,48,10,0,8008,17,1547,0.3498510181896081,0.3378102543281374,12,114,0.3405296966942223,-0.4604973827967028,-0.1297117073724758
01_0nm_00run_10d.txt,PaCMAP,2,64,64,10,0,8008,16,1537,0.342684957623673,0.371387544803934,11,23,0.3358861123431697,-0.7495417066492427,-0.2967107693482939
01_0nm_00run_10d.txt,PaCMAP,2,128,64,10,0,8008,10,1111,0.3761224690209671,0.297086687616492,10,133,0.3357402075371549,-0.726919979706528,-0.3089906004563437
01_0nm_00run_10d.txt,PaCMAP,2,128,96,10,0,8008,10,1402,0.3551498124203623,0.4013039835945929,13,804,0.4335551956188071,-0.2307744563015178,0.4367653408681806
01_0nm_00run_10d.txt,PaCMAP,2,128,128,10,0,8008,9,1764,0.3261265729477681,0.2727027361056062,14,1410,0.4030272360143994,-0.0848025452474925,0.4061637938692858
01_0nm_00run_10d.txt,PaCMAP,2,256,128,10,0,8008,8,1963,0.3195456845185778,0.2600054140170035,8,1764,0.3641077444645238,-0.0135626573085133,0.3417631424885892
01_0nm_00run_10d.txt,PaCMAP,2,256,192,10,0,8008,6,2525,0.2474931134433779,0.2574119272170876,7,1872,0.3297053848457365,0.1215089040463767,0.3616429810994523
01_0nm_00run_10d.txt,PaCMAP,2,256,256,10,0,8008,6,3006,0.2177427639383491,0.2455122436135997,7,2128,0.2976738481019176,0.1459143425196261,0.3616516839898153
01_0nm_00run_10d.txt,PaCMAP,3,4,2,10,0,8008,668,2305,0.016057327457224,0.29566882169145,702,1238,0.0310315164554146,0.0576637527220791,0.4269092157863906
01_0nm_00run_10d.txt,PaCMAP,3,4,3,10,0,8008,288,1654,0.2755846077883853,0.2625095059646057,602,1518,0.0304013500849513,0.0899229380888953,0.4493684553656503
01_0nm_00run_10d.txt,PaCMAP,3,4,4,10,0,8008,194,1791,0.2806873879423815,0.2545589504361822,480,1689,0.0364813476882514,0.0925186259130964,0.4498193550538739
01_0nm_00run_10d.txt,PaCMAP,3,8,4,10,0,8008,96,1365,0.3566216392346572,0.2458184769585021,354,1400,0.0569644372479987,0.0400072497161565,0.4377182662176477
01_0nm_00run_10d.txt,PaCMAP,3,8,6,10,0,8008,90,1922,0.3301932273939277,0.3685035105061436,291,1477,0.1215852080555752,0.0739703010401425,0.4965924062871448
01_0nm_00run_10d.txt,PaCMAP,3,8,8,10,0,8008,66,1684,0.3319699152526682,0.3131794678995168,264,1694,0.1096487932185779,0.0925612057786055,0.4976223194051878
01_0nm_00run_10d.txt,PaCMAP,3,16,8,10,0,8008,42,1739,0.3356123714901691,0.2879588569119926,124,939,0.2815100247731251,-0.0967250050600439,0.5381812007673573
01_0nm_00run_10d.txt,PaCMAP,3,16,12,10,0,8008,26,1191,0.4011349044683893,0.3503768387502516,64,596,0.3034747110543275,-0.0613635637198383,0.6270611194784375
01_0nm_00run_10d.txt,PaCMAP,3,16,16,10,0,8008,30,1510,0.4118354228762888,0.3543577160538935,52,663,0.3127954260470755,-0.0621886509565523,0.6100830182946788
01_0nm_00run_10d.txt,PaCMAP,3,32,16,10,0,8008,23,1415,0.4333053931519101,0.3394534156294392,8,27,0.2651077643737914,-0.446319284667438,0.1154239358309206
01_0nm_00run_10d.txt,PaCMAP,3,32,24,10,0,8008,20,1363,0.3856698293976093,0.4186203849079747,10,125,0.2812716963056371,-0.4238989363165913,0.2902194074019157
01_0nm_00run_10d.txt,PaCMAP,3,32,32,10,0,8008,20,1466,0.3732301939994299,0.368689243052757,10,135,0.3011838529090483,-0.3600320244150869,0.1561548251755451
01_0nm_00run_10d.txt,PaCMAP,3,64,32,10,0,8008,16,1485,0.3648169030272059,0.3485746341877831,7,0,0.2845680453492235,-0.3758471739354524,0.2657237643551742
01_0nm_00run_10d.txt,PaCMAP,3,64,48,10,0,8008,17,1547,0.3498510181896081,0.3378102543281374,7,0,0.2741535723546432,-0.4645962091955039,-0.0148829627011562
01_0nm_00run_10d.txt,PaCMAP,3,64,64,10,0,8008,16,1537,0.342684957623673,0.371387544803934,9,0,0.3495165178143339,-0.4509204966871331,-0.0027065454282539
01_0nm_00run_10d.txt,PaCMAP,3,128,64,10,0,8008,10,1111,0.3761224690209671,0.297086687616492,9,0,0.3495165178143339,-0.4509204966871331,-0.0027065454282539
01_0nm_00run_10d.txt,PaCMAP,3,128,96,10,0,8008,10,1402,0.3551498124203623,0.4013039835945929,5,0,0.2564502308202093,-0.301425514420184,0.6973753807238185
01_0nm_00run_10d.txt,PaCMAP,3,128,128,10,0,8008,9,1764,0.3261265729477681,0.2727027361056062,5,0,0.2564502308202093,-0.301425514420184,0.6973753807238185
01_0nm_00run_10d.txt,PaCMAP,3,256,128,10,0,8008,8,1963,0.3195456845185778,0.2600054140170035,5,0,0.2564502308202093,-0.301425514420184,0.6973753807238185
01_0nm_00run_10d.txt,PaCMAP,3,256,192,10,0,8008,6,2525,0.2474931134433779,0.2574119272170876,7,445,0.3437722761264412,-0.1369205981810851,0.6781347530462001
01_0nm_00run_10d.txt,PaCMAP,3,256,256,10,0,8008,6,3006,0.2177427639383491,0.2455122436135997,6,105,0.3128801630899604,-0.3790594527499488,0.1913149663238965
15_0nm_04run_250d.txt,tSNE,2,4,2,0,0,6530,469,1492,0.2065315779981175,0.4043386613002551,597,796,0.038609863565504,0.2370470036500871,0.3759121959982963
15_0nm_04run_250d.txt,tSNE,2,4,3,0,0,6530,233,1310,0.4317959514221265,0.4914593116802344,428,826,0.1968867092362816,0.2819660335178334,0.4205757787989841
15_0nm_04run_250d.txt,tSNE,2,4,4,0,0,6530,104,955,0.5780097903152388,0.5211768387137952,267,715,0.2928309342677683,0.1766403738689736,0.4075530629844892
15_0nm_04run_250d.txt,tSNE,2,8,4,0,0,6530,39,516,0.6572421709689971,0.5150746583752104,146,444,0.391739971548156,0.0251553793431593,0.3709925090221742
15_0nm_04run_250d.txt,tSNE,2,8,6,0,0,6530,38,785,0.6487035305785324,0.5111465745040296,48,123,0.6257250756090892,-0.1024008870336412,0.239448654384712
15_0nm_04run_250d.txt,tSNE,2,8,8,0,0,6530,37,915,0.6330544287295958,0.5825697652643786,24,36,0.7218270416943511,-0.0884104182008653,0.2715986843102402
15_0nm_04run_250d.txt,tSNE,2,16,8,0,0,6530,28,939,0.619036836080116,0.5461596285518464,33,119,0.6617905242999268,-0.0117280898972798,0.3590215279763797
15_0nm_04run_250d.txt,tSNE,2,16,12,0,0,6530,22,927,0.6560495816063197,0.5571308735234365,20,28,0.7302090459561962,-0.0981687596835209,0.3130458682565235
15_0nm_04run_250d.txt,tSNE,2,16,16,0,0,6530,19,709,0.6801234167876482,0.5955929818543177,19,56,0.7372251397244574,-0.089477305886853,0.3432581250947851
15_0nm_04run_250d.txt,tSNE,2,32,16,0,0,6530,14,498,0.7293543196501672,0.6292503270066638,17,14,0.7399880979270325,-0.125158763617379,0.3384190525618357
15_0nm_04run_250d.txt,tSNE,2,32,24,0,0,6530,13,502,0.7296598570046102,0.614766959774967,16,26,0.7564472011549044,-0.0210499378472217,0.3725496947356657
15_0nm_04run_250d.txt,tSNE,2,32,32,0,0,6530,14,763,0.6785747064641644,0.6253334580175458,11,5,0.6082971127791399,-0.1115359651830536,0.3243439618790665
15_0nm_04run_250d.txt,tSNE,2,64,32,0,0,6530,14,763,0.6785747064641644,0.6253334580175458,11,5,0.6082971127791399,-0.1115359651830536,0.3243439618790665
15_0nm_04run_250d.txt,tSNE,2,64,48,0,0,6530,14,823,0.6620640962696875,0.6244359461615498,10,0,0.5860034717621083,0.0032655814078453,0.3266439888915254
15_0nm_04run_250d.txt,tSNE,2,64,64,0,0,6530,14,868,0.6459951281877044,0.5925616569354845,11,71,0.603175129018901,-0.030834245032568,0.3366234819894456
15_0nm_04run_250d.txt,tSNE,2,128,64,0,0,6530,14,868,0.6459951281877044,0.5925616569354845,11,71,0.603175129018901,-0.030834245032568,0.3366234819894456
15_0nm_04run_250d.txt,tSNE,2,128,96,0,0,6530,14,1105,0.5845776072431476,0.6271572215926489,9,232,0.5565586851540283,-0.0493340726591103,0.32734056315707
15_0nm_04run_250d.txt,tSNE,2,128,128,0,0,6530,9,504,0.4799900397840763,0.6880301059594334,10,758,0.6152634913029479,0.3709296680286512,0.3897945264738458
15_0nm_04run_250d.txt,tSNE,2,256,128,0,0,6530,7,216,0.489442391823971,0.7194575054394575,10,758,0.6152634913029479,0.3709296680286512,0.3897945264738458
15_0nm_04run_250d.txt,tSNE,2,256,192,0,0,6530,7,442,0.4799816390386647,0.7402999467101774,4,1623,0.1026143271295192,-0.2968870344321019,0.1772776826234076
15_0nm_04run_250d.txt,tSNE,2,256,256,0,0,6530,7,907,0.4638422935823381,0.5731806893984414,4,2309,0.0855617297639706,-0.2661918183463548,0.0937855632220258
15_0nm_04run_250d.txt,tSNE,3,4,2,0,0,6530,469,1492,0.2065315779981175,0.4043386613002551,579,869,0.1231751477392213,0.288270602119357,0.3896405221699135
15_0nm_04run_250d.txt,tSNE,3,4,3,0,0,6530,233,1310,0.4317959514221265,0.4914593116802344,339,772,0.3876979199465172,0.2258189922904751,0.3756034883115583
15_0nm_04run_250d.txt,tSNE,3,4,4,0,0,6530,104,955,0.5780097903152388,0.5211768387137952,78,221,0.6336968861571262,0.1532746566152326,0.3375584258454294
15_0nm_04run_250d.txt,tSNE,3,8,4,0,0,6530,39,516,0.6572421709689971,0.5150746583752104,11,0,0.680855753870659,0.0588379479824101,0.2487893770900832
15_0nm_04run_250d.txt,tSNE,3,8,6,0,0,6530,38,785,0.6487035305785324,0.5111465745040296,41,223,0.6718606709688206,0.3022854064433976,0.4943177179449447
15_0nm_04run_250d.txt,tSNE,3,8,8,0,0,6530,37,915,0.6330544287295958,0.5825697652643786,10,0,0.7042844103596997,0.1557207423504063,0.2981547583116533
15_0nm_04run_250d.txt,tSNE,3,16,8,0,0,6530,28,939,0.619036836080116,0.5461596285518464,10,0,0.7042844103596997,0.1557207423504063,0.2981547583116533
15_0nm_04run_250d.txt,tSNE,3,16,12,0,0,6530,22,927,0.6560495816063197,0.5571308735234365,9,0,0.54588771965251,0.4168830519725844,0.4511986285022043
15_0nm_04run_250d.txt,tSNE,3,16,16,0,0,6530,19,709,0.6801234167876482,0.5955929818543177,9,0,0.54588771965251,0.4168830519725844,0.4511986285022043
15_0nm_04run_250d.txt,tSNE,3,32,16,0,0,6530,14,498,0.7293543196501672,0.6292503270066638,9,0,0.54588771965251,0.4168830519725844,0.4511986285022043
15_0nm_04run_250d.txt,tSNE,3,32,24,0,0,6530,13,502,0.7296598570046102,0.614766959774967,9,0,0.54588771965251,0.4168830519725844,0.4511986285022044
15_0nm_04run_250d.txt,tSNE,3,32,32,0,0,6530,14,763,0.6785747064641644,0.6253334580175458,9,0,0.54588771965251,0.4168830519725844,0.4511986285022044
15_0nm_04run_250d.txt,tSNE,3,64,32,0,0,6530,14,763,0.6785747064641644,0.6253334580175458,9,0,0.54588771965251,0.4168830519725844,0.4511986285022044
15_0nm_04run_250d.txt,tSNE,3,64,48,0,0,6530,14,823,0.6620640962696875,0.6244359461615498,9,0,0.54588771965251,0.4168830519725844,0.4511986285022044
15_0nm_04run_250d.txt,tSNE,3,64,64,0,0,6530,14,868,0.6459951281877044,0.5925616569354845,9,60,0.5427975275277396,0.413219850928399,0.4481647210888391
15_0nm_04run_250d.txt,tSNE,3,128,64,0,0,6530,14,868,0.6459951281877044,0.5925616569354845,9,60,0.5427975275277396,0.413219850928399,0.4481647210888391
15_0nm_04run_250d.txt,tSNE,3,128,96,0,0,6530,14,1105,0.5845776072431476,0.6271572215926489,9,313,0.5328594229738792,0.0288459869519956,0.1899739279183309
15_0nm_04run_250d.txt,tSNE,3,128,128,0,0,6530,9,504,0.4799900397840763,0.6880301059594334,11,1234,0.4670180106750884,0.2498193560591058,0.202723755751163
15_0nm_04run_250d.txt,tSNE,3,256,128,0,0,6530,7,216,0.489442391823971,0.7194575054394575,9,991,0.5197926083650743,0.2041668738933858,0.1045051379290289
15_0nm_04run_250d.txt,tSNE,3,256,192,0,0,6530,7,442,0.4799816390386647,0.7402999467101774,7,2782,0.1801850743630625,0.3872099899084391,0.2063901743472424
15_0nm_04run_250d.txt,tSNE,3,256,256,0,0,6530,7,907,0.4638422935823381,0.5731806893984414,2,2357,0.0412620675837461,-0.2079568547984646,0.0202482401981364
15_0nm_04run_250d.txt,UMAP,2,4,2,0,0,6530,469,1492,0.2065315779981175,0.4043386613002551,630,821,0.0312709754862122,0.1514701258043411,0.4717834102790987
15_0nm_04run_250d.txt,UMAP,2,4,3,0,0,6530,233,1310,0.4317959514221265,0.4914593116802344,544,1042,0.0312781851136487,0.1534497836089952,0.4825205186029963
15_0nm_04run_250d.txt,UMAP,2,4,4,0,0,6530,104,955,0.5780097903152388,0.5211768387137952,432,1126,0.0524490400891177,0.1147799779882654,0.4819204545200501
15_0nm_04run_250d.txt,UMAP,2,8,4,0,0,6530,39,516,0.6572421709689971,0.5150746583752104,299,851,0.0777330383624812,0.0063235762415987,0.4568397402459028
15_0nm_04run_250d.txt,UMAP,2,8,6,0,0,6530,38,785,0.6487035305785324,0.5111465745040296,257,955,0.1434284415266392,0.0554114967454269,0.5121887896943791
15_0nm_04run_250d.txt,UMAP,2,8,8,0,0,6530,37,915,0.6330544287295958,0.5825697652643786,221,1045,0.1430353649129904,0.0444449329462502,0.5181685031893364
15_0nm_04run_250d.txt,UMAP,2,16,8,0,0,6530,28,939,0.619036836080116,0.5461596285518464,114,527,0.3410562627315677,-0.0378446931446167,0.4307103921537711
15_0nm_04run_250d.txt,UMAP,2,16,12,0,0,6530,22,927,0.6560495816063197,0.5571308735234365,88,610,0.4378272750192139,-0.1018821272019974,0.4693607801754106
15_0nm_04run_250d.txt,UMAP,2,16,16,0,0,6530,19,709,0.6801234167876482,0.5955929818543177,35,189,0.6600179128376698,-0.1849125266751417,0.4496299929647089
15_0nm_04run_250d.txt,UMAP,2,32,16,0,0,6530,14,498,0.7293543196501672,0.6292503270066638,21,34,0.6901728111907872,-0.2756224692663837,0.4276579955711687
15_0nm_04run_250d.txt,UMAP,2,32,24,0,0,6530,13,502,0.7296598570046102,0.614766959774967,11,0,0.632889253541352,0.0927575113781936,0.6818291224982183
15_0nm_04run_250d.txt,UMAP,2,32,32,0,0,6530,14,763,0.6785747064641644,0.6253334580175458,11,0,0.632889253541352,0.0927575113781936,0.6818291224982183
15_0nm_04run_250d.txt,UMAP,2,64,32,0,0,6530,14,763,0.6785747064641644,0.6253334580175458,10,0,0.6288197221333969,-0.0280365520086156,0.6692669377552036
15_0nm_04run_250d.txt,UMAP,2,64,48,0,0,6530,14,823,0.6620640962696875,0.6244359461615498,10,0,0.6288197221333969,-0.0280365520086156,0.6692669377552036
15_0nm_04run_250d.txt,UMAP,2,64,64,0,0,6530,14,868,0.6459951281877044,0.5925616569354845,11,20,0.6112479723428392,-0.0253812994071951,0.557554749586501
15_0nm_04run_250d.txt,UMAP,2,128,64,0,0,6530,14,868,0.6459951281877044,0.5925616569354845,10,20,0.6158684308692255,-0.033922877328801,0.5060085554057612
15_0nm_04run_250d.txt,UMAP,2,128,96,0,0,6530,14,1105,0.5845776072431476,0.6271572215926489,9,117,0.6239347392512299,-0.0210921780329928,0.6236516158875182
15_0nm_04run_250d.txt,UMAP,2,128,128,0,0,6530,9,504,0.4799900397840763,0.6880301059594334,7,0,0.5304773229812152,-0.0905658407776882,0.6409070443272583
15_0nm_04run_250d.txt,UMAP,2,256,128,0,0,6530,7,216,0.489442391823971,0.7194575054394575,7,0,0.5304773229812152,-0.0905658407776882,0.6409070443272583
15_0nm_04run_250d.txt,UMAP,2,256,192,0,0,6530,7,442,0.4799816390386647,0.7402999467101774,7,12,0.5302442488835665,-0.088785748016321,0.6405752615450999
15_0nm_04run_250d.txt,UMAP,2,256,256,0,0,6530,7,907,0.4638422935823381,0.5731806893984414,7,389,0.5313448127262806,0.0789331954540911,0.6207101509254761
15_0nm_04run_250d.txt,UMAP,3,4,2,0,0,6530,469,1492,0.2065315779981175,0.4043386613002551,604,777,0.0342984629452404,0.1218013738468431,0.476209183467428
15_0nm_04run_250d.txt,UMAP,3,4,3,0,0,6530,233,1310,0.4317959514221265,0.4914593116802344,537,971,0.0349987209404184,0.1265419132913485,0.5054096103730924
15_0nm_04run_250d.txt,UMAP,3,4,4,0,0,6530,104,955,0.5780097903152388,0.5211768387137952,451,1105,0.035285316824759,0.12539469224486,0.5000286758339308
15_0nm_04run_250d.txt,UMAP,3,8,4,0,0,6530,39,516,0.6572421709689971,0.5150746583752104,299,764,0.0825579617394098,0.0043159078450705,0.4676791025574819
15_0nm_04run_250d.txt,UMAP,3,8,6,0,0,6530,38,785,0.6487035305785324,0.5111465745040296,276,1115,0.0738303237738268,0.0337989662958672,0.4786717301020093
15_0nm_04run_250d.txt,UMAP,3,8,8,0,0,6530,37,915,0.6330544287295958,0.5825697652643786,176,752,0.3339883096866858,0.0478461195142929,0.5953694512774437
15_0nm_04run_250d.txt,UMAP,3,16,8,0,0,6530,28,939,0.619036836080116,0.5461596285518464,67,303,0.5899073981447637,0.0857083155579828,0.6126962674238372
15_0nm_04run_250d.txt,UMAP,3,16,12,0,0,6530,22,927,0.6560495816063197,0.5571308735234365,54,372,0.6092132468701829,0.1082210369099701,0.6001990584710806
15_0nm_04run_250d.txt,UMAP,3,16,16,0,0,6530,19,709,0.6801234167876482,0.5955929818543177,30,147,0.6763586864082998,0.2157836156540176,0.6748624420374213
15_0nm_04run_250d.txt,UMAP,3,32,16,0,0,6530,14,498,0.7293543196501672,0.6292503270066638,22,108,0.6817596395622588,0.205419335809578,0.6133967286457463
15_0nm_04run_250d.txt,UMAP,3,32,24,0,0,6530,13,502,0.7296598570046102,0.614766959774967,10,0,0.7184338388357427,0.2928159694388842,0.7078152739224006
15_0nm_04run_250d.txt,UMAP,3,32,32,0,0,6530,14,763,0.6785747064641644,0.6253334580175458,9,0,0.7115371944706319,0.3774210541711999,0.8251937977179932
15_0nm_04run_250d.txt,UMAP,3,64,32,0,0,6530,14,763,0.6785747064641644,0.6253334580175458,9,0,0.7115371944706319,0.3774210541711999,0.8251937977179932
15_0nm_04run_250d.txt,UMAP,3,64,48,0,0,6530,14,823,0.6620640962696875,0.6244359461615498,9,0,0.7115371944706319,0.3774210541711999,0.8251937977179932
15_0nm_04run_250d.txt,UMAP,3,64,64,0,0,6530,14,868,0.6459951281877044,0.5925616569354845,10,32,0.7068108505256693,0.33714513552808,0.6567285322501338
15_0nm_04run_250d.txt,UMAP,3,128,64,0,0,6530,14,868,0.6459951281877044,0.5925616569354845,10,32,0.7068108505256693,0.33714513552808,0.6567285322501338
15_0nm_04run_250d.txt,UMAP,3,128,96,0,0,6530,14,1105,0.5845776072431476,0.6271572215926489,10,68,0.7005471767096473,0.2748546704022924,0.7271850455075703
15_0nm_04run_250d.txt,UMAP,3,128,128,0,0,6530,9,504,0.4799900397840763,0.6880301059594334,8,0,0.556736600253099,0.6104368050805753,0.8234711850861967
15_0nm_04run_250d.txt,UMAP,3,256,128,0,0,6530,7,216,0.489442391823971,0.7194575054394575,8,0,0.556736600253099,0.6104368050805753,0.8234711850861967
15_0nm_04run_250d.txt,UMAP,3,256,192,0,0,6530,7,442,0.4799816390386647,0.7402999467101774,8,0,0.556736600253099,0.6104368050805753,0.8234711850861967
15_0nm_04run_250d.txt,UMAP,3,256,256,0,0,6530,7,907,0.4638422935823381,0.5731806893984414,7,15,0.5289419797645424,0.6114181721805111,0.7396113703764621
15_0nm_04run_250d.txt,TriMap,2,4,2,0,0,6530,469,1492,0.2065315779981175,0.4043386613002551,557,1009,0.0326917322727816,0.0258066709887822,0.3960988685143665
15_0nm_04run_250d.txt,TriMap,2,4,3,0,0,6530,233,1310,0.4317959514221265,0.4914593116802344,452,1267,0.0350744755462662,0.0691898656387241,0.4184819129941415
15_0nm_04run_250d.txt,TriMap,2,4,4,0,0,6530,104,955,0.5780097903152388,0.5211768387137952,365,1385,0.0872171749471207,0.1305883885858384,0.4515446042549889
15_0nm_04run_250d.txt,TriMap,2,8,4,0,0,6530,39,516,0.6572421709689971,0.5150746583752104,177,690,0.4593460226741734,0.1704669384515418,0.4746397856865106
15_0nm_04run_250d.txt,TriMap,2,8,6,0,0,6530,38,785,0.6487035305785324,0.5111465745040296,113,531,0.5202200997727906,0.0612515776208978,0.377379796474067
15_0nm_04run_250d.txt,TriMap,2,8,8,0,0,6530,37,915,0.6330544287295958,0.5825697652643786,62,408,0.6510910569867194,0.4226820044811992,0.5258398610763445
15_0nm_04run_250d.txt,TriMap,2,16,8,0,0,6530,28,939,0.619036836080116,0.5461596285518464,48,343,0.6376603860008867,0.2605457251332426,0.5307302871764741
15_0nm_04run_250d.txt,TriMap,2,16,12,0,0,6530,22,927,0.6560495816063197,0.5571308735234365,26,249,0.6765413306994315,0.3582160648709629,0.5133883338441427
15_0nm_04run_250d.txt,TriMap,2,16,16,0,0,6530,19,709,0.6801234167876482,0.5955929818543177,22,179,0.7008517652030531,0.4835183753729927,0.4812026318701226
15_0nm_04run_250d.txt,TriMap,2,32,16,0,0,6530,14,498,0.7293543196501672,0.6292503270066638,20,308,0.668628587210451,0.3952927023662468,0.4605919455923527
15_0nm_04run_250d.txt,TriMap,2,32,24,0,0,6530,13,502,0.7296598570046102,0.614766959774967,14,131,0.716262279114508,0.3886676365214181,0.5097755973503658
15_0nm_04run_250d.txt,TriMap,2,32,32,0,0,6530,14,763,0.6785747064641644,0.6253334580175458,11,59,0.594190644949165,0.1901208979037583,0.2451608740588923
15_0nm_04run_250d.txt,TriMap,2,64,32,0,0,6530,14,763,0.6785747064641644,0.6253334580175458,8,73,0.5593359670135015,0.6023142078485024,0.4403972227439351
15_0nm_04run_250d.txt,TriMap,2,64,48,0,0,6530,14,823,0.6620640962696875,0.6244359461615498,11,339,0.6660861079675889,0.2187868576080218,0.2576591111672521
15_0nm_04run_250d.txt,TriMap,2,64,64,0,0,6530,14,868,0.6459951281877044,0.5925616569354845,11,513,0.689507860115678,0.4067899424962323,0.4660206024710934
15_0nm_04run_250d.txt,TriMap,2,128,64,0,0,6530,14,868,0.6459951281877044,0.5925616569354845,11,427,0.6745563322459265,0.1151320617212388,0.3206727761652627
15_0nm_04run_250d.txt,TriMap,2,128,96,0,0,6530,14,1105,0.5845776072431476,0.6271572215926489,8,265,0.555995358020126,0.5906859472581363,0.3723851907123886
15_0nm_04run_250d.txt,TriMap,2,128,128,0,0,6530,9,504,0.4799900397840763,0.6880301059594334,8,277,0.5543521481554058,0.5789588179672162,0.46212740842292
15_0nm_04run_250d.txt,TriMap,2,256,128,0,0,6530,7,216,0.489442391823971,0.7194575054394575,8,267,0.5526464372397882,0.5798839126021581,0.377525606881037
15_0nm_04run_250d.txt,TriMap,2,256,192,0,0,6530,7,442,0.4799816390386647,0.7402999467101774,7,655,0.5037136936976362,0.5523488288529538,0.4494905284973692
15_0nm_04run_250d.txt,TriMap,2,256,256,0,0,6530,7,907,0.4638422935823381,0.5731806893984414,7,940,0.4641883131994639,0.5166224081990538,0.4887252633865078
15_0nm_04run_250d.txt,TriMap,3,4,2,0,0,6530,469,1492,0.2065315779981175,0.4043386613002551,566,1107,0.0293783528959174,0.0736692855050957,0.3968775042146685
15_0nm_04run_250d.txt,TriMap,3,4,3,0,0,6530,233,1310,0.4317959514221265,0.4914593116802344,463,1341,0.028612247663239,0.1082740324690944,0.4197013534343717
15_0nm_04run_250d.txt,TriMap,3,4,4,0,0,6530,104,955,0.5780097903152388,0.5211768387137952,385,1470,0.0314357483347459,0.1245795698582682,0.4231078333907135
15_0nm_04run_250d.txt,TriMap,3,8,4,0,0,6530,39,516,0.6572421709689971,0.5150746583752104,206,819,0.3485340500068331,0.1368908431893488,0.5541486973108319
15_0nm_04run_250d.txt,TriMap,3,8,6,0,0,6530,38,785,0.6487035305785324,0.5111465745040296,109,545,0.58519050366663,0.3518433599507329,0.6126301260367517
15_0nm_04run_250d.txt,TriMap,3,8,8,0,0,6530,37,915,0.6330544287295958,0.5825697652643786,57,350,0.6534217190298698,0.4142163922845573,0.6824938569450965
15_0nm_04run_250d.txt,TriMap,3,16,8,0,0,6530,28,939,0.619036836080116,0.5461596285518464,45,306,0.6403395205708239,0.3870847024828691,0.6809722965896614
15_0nm_04run_250d.txt,TriMap,3,16,12,0,0,6530,22,927,0.6560495816063197,0.5571308735234365,29,308,0.6820692973950747,0.4828636617573806,0.6808393073169081
15_0nm_04run_250d.txt,TriMap,3,16,16,0,0,6530,19,709,0.6801234167876482,0.5955929818543177,28,286,0.6827534168538112,0.493187915677248,0.6980661726636149
15_0nm_04run_250d.txt,TriMap,3,32,16,0,0,6530,14,498,0.7293543196501672,0.6292503270066638,18,254,0.6891574305176777,0.4731007683289506,0.5847523970504892
15_0nm_04run_250d.txt,TriMap,3,32,24,0,0,6530,13,502,0.7296598570046102,0.614766959774967,17,302,0.6889089911930482,0.4755387085839366,0.7055942793710112
15_0nm_04run_250d.txt,TriMap,3,32,32,0,0,6530,14,763,0.6785747064641644,0.6253334580175458,15,144,0.7159274942467515,0.2010972011909756,0.4824238096016906
15_0nm_04run_250d.txt,TriMap,3,64,32,0,0,6530,14,763,0.6785747064641644,0.6253334580175458,9,117,0.7036320455937435,0.4961456150793238,0.6548245141114771
15_0nm_04run_250d.txt,TriMap,3,64,48,0,0,6530,14,823,0.6620640962696875,0.6244359461615498,10,309,0.7210828463159642,0.4748499209718933,0.6647471380688287
15_0nm_04run_250d.txt,TriMap,3,64,64,0,0,6530,14,868,0.6459951281877044,0.5925616569354845,11,369,0.7109847968655948,0.3426035494670748,0.5103667539810861
15_0nm_04run_250d.txt,TriMap,3,128,64,0,0,6530,14,868,0.6459951281877044,0.5925616569354845,12,372,0.717214777271282,0.1674304000669094,0.308696965203186
15_0nm_04run_250d.txt,TriMap,3,128,96,0,0,6530,14,1105,0.5845776072431476,0.6271572215926489,9,133,0.5548786173396576,0.4388577002494293,0.5470544285260324
15_0nm_04run_250d.txt,TriMap,3,128,128,0,0,6530,9,504,0.4799900397840763,0.6880301059594334,11,510,0.6856681461459042,0.3478141360286824,0.5655353713172662
15_0nm_04run_250d.txt,TriMap,3,256,128,0,0,6530,7,216,0.489442391823971,0.7194575054394575,8,277,0.5568029216437645,0.5791412084540073,0.6258099855533383
15_0nm_04run_250d.txt,TriMap,3,256,192,0,0,6530,7,442,0.4799816390386647,0.7402999467101774,7,488,0.5209579980589041,0.5599759392581959,0.6063124571869054
15_0nm_04run_250d.txt,TriMap,3,256,256,0,0,6530,7,907,0.4638422935823381,0.5731806893984414,8,883,0.4973987509111682,0.5034030624835263,0.6375634079832443
15_0nm_04run_250d.txt,PaCMAP,2,4,2,10,0,6530,469,1492,0.2065315779981175,0.4043386613002551,596,1092,0.0270438938852472,0.0547018531341338,0.4028007804338817
15_0nm_04run_250d.txt,PaCMAP,2,4,3,10,0,6530,233,1310,0.4317959514221265,0.4914593116802344,483,1341,0.0273349737480759,0.0808730138297038,0.4194242203651249
15_0nm_04run_250d.txt,PaCMAP,2,4,4,10,0,6530,104,955,0.5780097903152388,0.5211768387137952,317,1118,0.2677420279884974,0.1359674851786361,0.5125048550294862
15_0nm_04run_250d.txt,PaCMAP,2,8,4,10,0,6530,39,516,0.6572421709689971,0.5150746583752104,205,774,0.3943039729696226,0.154301503955462,0.520166814862384
15_0nm_04run_250d.txt,PaCMAP,2,8,6,10,0,6530,38,785,0.6487035305785324,0.5111465745040296,184,945,0.3801753383038213,0.1777349046443346,0.5444967189466126
15_0nm_04run_250d.txt,PaCMAP,2,8,8,10,0,6530,37,915,0.6330544287295958,0.5825697652643786,159,1056,0.371984057273493,0.1714593775905663,0.5386641953183877
15_0nm_04run_250d.txt,PaCMAP,2,16,8,10,0,6530,28,939,0.619036836080116,0.5461596285518464,81,663,0.527365164523163,0.1998268257699667,0.5581670541545236
15_0nm_04run_250d.txt,PaCMAP,2,16,12,10,0,6530,22,927,0.6560495816063197,0.5571308735234365,43,413,0.6413720841171441,0.330835838123353,0.6299100315743026
15_0nm_04run_250d.txt,PaCMAP,2,16,16,10,0,6530,19,709,0.6801234167876482,0.5955929818543177,38,432,0.6499590714068965,0.3850942882368416,0.6214752775729464
15_0nm_04run_250d.txt,PaCMAP,2,32,16,10,0,6530,14,498,0.7293543196501672,0.6292503270066638,9,0,0.7122608739551676,0.3492338153648428,0.6518473408368284
15_0nm_04run_250d.txt,PaCMAP,2,32,24,10,0,6530,13,502,0.7296598570046102,0.614766959774967,9,0,0.7122608739551676,0.3492338153648429,0.6518473408368284
15_0nm_04run_250d.txt,PaCMAP,2,32,32,10,0,6530,14,763,0.6785747064641644,0.6253334580175458,9,0,0.7122608739551676,0.3492338153648429,0.6518473408368284
15_0nm_04run_250d.txt,PaCMAP,2,64,32,10,0,6530,14,763,0.6785747064641644,0.6253334580175458,9,0,0.7122608739551676,0.3492338153648429,0.6518473408368284
15_0nm_04run_250d.txt,PaCMAP,2,64,48,10,0,6530,14,823,0.6620640962696875,0.6244359461615498,9,0,0.7122608739551676,0.3492338153648428,0.6518473408368284
15_0nm_04run_250d.txt,PaCMAP,2,64,64,10,0,6530,14,868,0.6459951281877044,0.5925616569354845,9,0,0.7122608739551676,0.3492338153648429,0.6518473408368284
15_0nm_04run_250d.txt,PaCMAP,2,128,64,10,0,6530,14,868,0.6459951281877044,0.5925616569354845,9,0,0.7122608739551676,0.3492338153648429,0.6518473408368284
15_0nm_04run_250d.txt,PaCMAP,2,128,96,10,0,6530,14,1105,0.5845776072431476,0.6271572215926489,9,72,0.7074133201051241,0.4077545987073588,0.649227051155355
15_0nm_04run_250d.txt,PaCMAP,2,128,128,10,0,6530,9,504,0.4799900397840763,0.6880301059594334,10,125,0.6967727925808473,0.2353454219311348,0.4729954230393718
15_0nm_04run_250d.txt,PaCMAP,2,256,128,10,0,6530,7,216,0.489442391823971,0.7194575054394575,10,125,0.6967727925808473,0.2353454219311348,0.4729954230393718
15_0nm_04run_250d.txt,PaCMAP,2,256,192,10,0,6530,7,442,0.4799816390386647,0.7402999467101774,9,434,0.6743761010544903,0.4758720562457207,0.6366792073971479
15_0nm_04run_250d.txt,PaCMAP,2,256,256,10,0,6530,7,907,0.4638422935823381,0.5731806893984414,7,428,0.4338040126443238,0.1128873119883878,0.4782815596122693
15_0nm_04run_250d.txt,PaCMAP,3,4,2,10,0,6530,469,1492,0.2065315779981175,0.4043386613002551,589,1040,0.0284620555522516,0.0500557748700899,0.4167918281932083
15_0nm_04run_250d.txt,PaCMAP,3,4,3,10,0,6530,233,1310,0.4317959514221265,0.4914593116802344,481,1273,0.0306148503643613,0.0824240434745721,0.4363593388411479
15_0nm_04run_250d.txt,PaCMAP,3,4,4,10,0,6530,104,955,0.5780097903152388,0.5211768387137952,315,1092,0.269745241253179,0.1199262113285653,0.5530456296723727
15_0nm_04run_250d.txt,PaCMAP,3,8,4,10,0,6530,39,516,0.6572421709689971,0.5150746583752104,204,771,0.3950847361303273,0.1497045722774966,0.5773271661353717
15_0nm_04run_250d.txt,PaCMAP,3,8,6,10,0,6530,38,785,0.6487035305785324,0.5111465745040296,179,910,0.3863955883183895,0.1710360818947982,0.5982661535013755
15_0nm_04run_250d.txt,PaCMAP,3,8,8,10,0,6530,37,915,0.6330544287295958,0.5825697652643786,158,1052,0.3740988381904135,0.1743587957102307,0.5942975821789365
15_0nm_04run_250d.txt,PaCMAP,3,16,8,10,0,6530,28,939,0.619036836080116,0.5461596285518464,85,703,0.5184591173923186,0.2205439185087764,0.6474026571005005
15_0nm_04run_250d.txt,PaCMAP,3,16,12,10,0,6530,22,927,0.6560495816063197,0.5571308735234365,25,195,0.6846859633749897,0.2394264391813094,0.78997683816845
15_0nm_04run_250d.txt,PaCMAP,3,16,16,10,0,6530,19,709,0.6801234167876482,0.5955929818543177,9,0,0.7122608739551676,0.3492338153648428,0.836615209100837
15_0nm_04run_250d.txt,PaCMAP,3,32,16,10,0,6530,14,498,0.7293543196501672,0.6292503270066638,9,0,0.7122608739551676,0.3492338153648428,0.836615209100837
15_0nm_04run_250d.txt,PaCMAP,3,32,24,10,0,6530,13,502,0.7296598570046102,0.614766959774967,9,0,0.7122608739551676,0.3492338153648429,0.836615209100837
15_0nm_04run_250d.txt,PaCMAP,3,32,32,10,0,6530,14,763,0.6785747064641644,0.6253334580175458,9,0,0.7122608739551676,0.3492338153648429,0.8366152091008371
15_0nm_04run_250d.txt,PaCMAP,3,64,32,10,0,6530,14,763,0.6785747064641644,0.6253334580175458,9,0,0.7122608739551676,0.3492338153648429,0.8366152091008371
15_0nm_04run_250d.txt,PaCMAP,3,64,48,10,0,6530,14,823,0.6620640962696875,0.6244359461615498,9,0,0.7122608739551676,0.3492338153648429,0.836615209100837
15_0nm_04run_250d.txt,PaCMAP,3,64,64,10,0,6530,14,868,0.6459951281877044,0.5925616569354845,9,0,0.7122608739551676,0.3492338153648429,0.8366152091008369
15_0nm_04run_250d.txt,PaCMAP,3,128,64,10,0,6530,14,868,0.6459951281877044,0.5925616569354845,9,0,0.7122608739551676,0.3492338153648429,0.8366152091008369
15_0nm_04run_250d.txt,PaCMAP,3,128,96,10,0,6530,14,1105,0.5845776072431476,0.6271572215926489,9,0,0.7122608739551676,0.3492338153648429,0.8366152091008371
15_0nm_04run_250d.txt,PaCMAP,3,128,128,10,0,6530,9,504,0.4799900397840763,0.6880301059594334,9,0,0.7122608739551676,0.3492338153648429,0.8366152091008371
15_0nm_04run_250d.txt,PaCMAP,3,256,128,10,0,6530,7,216,0.489442391823971,0.7194575054394575,9,0,0.7122608739551676,0.3492338153648429,0.8366152091008371
15_0nm_04run_250d.txt,PaCMAP,3,256,192,10,0,6530,7,442,0.4799816390386647,0.7402999467101774,9,122,0.7049723780466444,0.357222172442218,0.8231077275212969
15_0nm_04run_250d.txt,PaCMAP,3,256,256,10,0,6530,7,907,0.4638422935823381,0.5731806893984414,9,325,0.6875145991662193,0.3562012892132305,0.8001404904434473
21_0nm_00run_2000d.txt,tSNE,2,4,2,0,0,8876,565,1903,0.1864424604215217,,758,1025,0.093253639263703,,0.3843362750603945
21_0nm_00run_2000d.txt,tSNE,2,4,3,0,0,8876,318,1940,0.3262749868079388,,596,1225,0.1570452646084829,,0.4012669016629641
21_0nm_00run_2000d.txt,tSNE,2,4,4,0,0,8876,183,1657,0.3968601212574438,,335,904,0.3989508628913099,,0.393163740697436
21_0nm_00run_2000d.txt,tSNE,2,8,4,0,0,8876,69,1031,0.5108462228415045,,189,522,0.5503693904196185,,0.3400391368151866
21_0nm_00run_2000d.txt,tSNE,2,8,6,0,0,8876,18,341,0.546473312687861,,89,366,0.6809192397095981,,0.4136559944402032
21_0nm_00run_2000d.txt,tSNE,2,8,8,0,0,8876,19,448,0.5512576250312402,,27,77,0.6489369102911672,,0.4081474967414564
21_0nm_00run_2000d.txt,tSNE,2,16,8,0,0,8876,20,960,0.4969377006799524,,17,0,0.6498755873265232,,0.3536747579782969
21_0nm_00run_2000d.txt,tSNE,2,16,12,0,0,8876,15,559,0.5382153926589792,,16,0,0.6661001348585173,,0.3911123733515516
21_0nm_00run_2000d.txt,tSNE,2,16,16,0,0,8876,17,963,0.505566137279058,,18,7,0.6514804109883714,,0.3703270628920954
21_0nm_00run_2000d.txt,tSNE,2,32,16,0,0,8876,14,810,0.5205281700552794,,17,1,0.6523944738839068,,0.3672715012573711
21_0nm_00run_2000d.txt,tSNE,2,32,24,0,0,8876,14,866,0.5201934701105346,,15,0,0.6780986439468168,,0.4160669172839412
21_0nm_00run_2000d.txt,tSNE,2,32,32,0,0,8876,14,952,0.5138748189078419,,14,0,0.6702943792523022,,0.4276360937347379
21_0nm_00run_2000d.txt,tSNE,2,64,32,0,0,8876,12,636,0.5428200955735732,,14,0,0.6702943792523022,,0.4276360937347379
21_0nm_00run_2000d.txt,tSNE,2,64,48,0,0,8876,13,1234,0.4888216148368347,,16,0,0.7442752904714712,,0.3319472396333119
21_0nm_00run_2000d.txt,tSNE,2,64,64,0,0,8876,13,1314,0.4770201940234241,,16,80,0.7436166889163255,,0.3476478533011094
21_0nm_00run_2000d.txt,tSNE,2,128,64,0,0,8876,14,1317,0.5214982785467548,,15,22,0.7331138551141156,,0.3410654152944051
21_0nm_00run_2000d.txt,tSNE,2,128,96,0,0,8876,12,1575,0.4767187495524884,,15,383,0.7096193396641827,,0.3320173851405402
21_0nm_00run_2000d.txt,tSNE,2,128,128,0,0,8876,9,904,0.4419616579140962,,12,1147,0.5260172313845598,,0.3913897669014952
21_0nm_00run_2000d.txt,tSNE,2,256,128,0,0,8876,9,904,0.4419616579140962,,11,1284,0.517851080028811,,0.3942959858068379
21_0nm_00run_2000d.txt,tSNE,2,256,192,0,0,8876,9,1091,0.4255697617012473,,2,238,0.028821066569196,,-0.1614830820870606
21_0nm_00run_2000d.txt,tSNE,2,256,256,0,0,8876,8,1298,0.3859363467810272,,6,3991,0.1268408088533413,,0.1779055851958532
21_0nm_00run_2000d.txt,tSNE,3,4,2,0,0,8876,565,1903,0.1864424604215217,,854,1308,0.0275473175117181,,0.3712567969790478
21_0nm_00run_2000d.txt,tSNE,3,4,3,0,0,8876,318,1940,0.3262749868079388,,551,1290,0.2716243855949994,,0.4165744189455656
21_0nm_00run_2000d.txt,tSNE,3,4,4,0,0,8876,183,1657,0.3968601212574438,,181,631,0.4622410900685063,,0.31179523591127
21_0nm_00run_2000d.txt,tSNE,3,8,4,0,0,8876,69,1031,0.5108462228415045,,10,0,0.52876113597428,,0.2070655594418997
21_0nm_00run_2000d.txt,tSNE,3,8,6,0,0,8876,18,341,0.546473312687861,,9,0,0.3623972625777429,,0.3491132691755561
21_0nm_00run_2000d.txt,tSNE,3,8,8,0,0,8876,19,448,0.5512576250312402,,9,0,0.3623972625777429,,0.3491132691755561
21_0nm_00run_2000d.txt,tSNE,3,16,8,0,0,8876,20,960,0.4969377006799524,,9,0,0.3623972625777429,,0.3491132691755561
21_0nm_00run_2000d.txt,tSNE,3,16,12,0,0,8876,15,559,0.5382153926589792,,9,0,0.3623972625777429,,0.3491132691755561
21_0nm_00run_2000d.txt,tSNE,3,16,16,0,0,8876,17,963,0.505566137279058,,10,0,0.35542583188601,,0.2898583738289061
21_0nm_00run_2000d.txt,tSNE,3,32,16,0,0,8876,14,810,0.5205281700552794,,10,0,0.35542583188601,,0.2898583738289061
21_0nm_00run_2000d.txt,tSNE,3,32,24,0,0,8876,14,866,0.5201934701105346,,9,0,0.3623972625777429,,0.3491132691755561
21_0nm_00run_2000d.txt,tSNE,3,32,32,0,0,8876,14,952,0.5138748189078419,,9,0,0.3623972625777429,,0.3491132691755561
21_0nm_00run_2000d.txt,tSNE,3,64,32,0,0,8876,12,636,0.5428200955735732,,9,0,0.3623972625777429,,0.3491132691755561
21_0nm_00run_2000d.txt,tSNE,3,64,48,0,0,8876,13,1234,0.4888216148368347,,9,1,0.3623505489010383,,0.3490933326833919
21_0nm_00run_2000d.txt,tSNE,3,64,64,0,0,8876,13,1314,0.4770201940234241,,9,41,0.3620983121529136,,0.3570644953046513
21_0nm_00run_2000d.txt,tSNE,3,128,64,0,0,8876,14,1317,0.5214982785467548,,9,41,0.3620983121529136,,0.3570644953046513
21_0nm_00run_2000d.txt,tSNE,3,128,96,0,0,8876,12,1575,0.4767187495524884,,10,876,0.5076163850341824,,0.4335036688112794
21_0nm_00run_2000d.txt,tSNE,3,128,128,0,0,8876,9,904,0.4419616579140962,,10,1475,0.4246761378874378,,0.3944016421128622
21_0nm_00run_2000d.txt,tSNE,3,256,128,0,0,8876,9,904,0.4419616579140962,,10,1475,0.4246761378874378,,0.3944016421128622
21_0nm_00run_2000d.txt,tSNE,3,256,192,0,0,8876,9,1091,0.4255697617012473,,6,3167,0.1819244791968605,0.154865383405731,0.1996855630913916
21_0nm_00run_2000d.txt,tSNE,3,256,256,0,0,8876,8,1298,0.3859363467810272,,3,4328,0.1042206877846116,,-0.0333696691915835
21_0nm_00run_2000d.txt,UMAP,2,4,2,0,0,8876,565,1903,0.1864424604215217,,888,1058,0.0287608295149715,,0.466743665411233
21_0nm_00run_2000d.txt,UMAP,2,4,3,0,0,8876,318,1940,0.3262749868079388,,753,1328,0.0298367962984418,,0.4957976767516555
21_0nm_00run_2000d.txt,UMAP,2,4,4,0,0,8876,183,1657,0.3968601212574438,,596,1366,0.0359653626359928,,0.5005487220368328
21_0nm_00run_2000d.txt,UMAP,2,8,4,0,0,8876,69,1031,0.5108462228415045,,431,1031,0.0562983323975452,,0.4673366950034581
21_0nm_00run_2000d.txt,UMAP,2,8,6,0,0,8876,18,341,0.546473312687861,,402,1421,0.0501086183256715,,0.4785979313400417
21_0nm_00run_2000d.txt,UMAP,2,8,8,0,0,8876,19,448,0.5512576250312402,,313,1447,0.1645884109548847,,0.5071193619767895
21_0nm_00run_2000d.txt,UMAP,2,16,8,0,0,8876,20,960,0.4969377006799524,,127,613,0.3737865276264595,,0.3650329026633425
21_0nm_00run_2000d.txt,UMAP,2,16,12,0,0,8876,15,559,0.5382153926589792,,36,133,0.3658338931899274,,0.3793853383581644
21_0nm_00run_2000d.txt,UMAP,2,16,16,0,0,8876,17,963,0.505566137279058,,14,34,0.4082573158968808,,0.4998615823013907
21_0nm_00run_2000d.txt,UMAP,2,32,16,0,0,8876,14,810,0.5205281700552794,,11,47,0.4091322082217276,,0.5577677364476592
21_0nm_00run_2000d.txt,UMAP,2,32,24,0,0,8876,14,866,0.5201934701105346,,12,44,0.3998005914761033,,0.4823397257573256
21_0nm_00run_2000d.txt,UMAP,2,32,32,0,0,8876,14,952,0.5138748189078419,,11,52,0.4090769915708375,,0.5603315157442124
21_0nm_00run_2000d.txt,UMAP,2,64,32,0,0,8876,12,636,0.5428200955735732,,10,8,0.412573730224865,,0.5644520184880009
21_0nm_00run_2000d.txt,UMAP,2,64,48,0,0,8876,13,1234,0.4888216148368347,,10,24,0.4119097319354251,,0.5651696952714926
21_0nm_00run_2000d.txt,UMAP,2,64,64,0,0,8876,13,1314,0.4770201940234241,,10,29,0.4116116905687862,,0.5682691429335912
21_0nm_00run_2000d.txt,UMAP,2,128,64,0,0,8876,14,1317,0.5214982785467548,,10,29,0.4116116905687862,,0.5682691429335912
21_0nm_00run_2000d.txt,UMAP,2,128,96,0,0,8876,12,1575,0.4767187495524884,,10,64,0.4113427091458544,,0.5675796631489844
21_0nm_00run_2000d.txt,UMAP,2,128,128,0,0,8876,9,904,0.4419616579140962,,9,0,0.3962946444135839,,0.573485724884792
21_0nm_00run_2000d.txt,UMAP,2,256,128,0,0,8876,9,904,0.4419616579140962,,9,0,0.3962946444135839,,0.573485724884792
21_0nm_00run_2000d.txt,UMAP,2,256,192,0,0,8876,9,1091,0.4255697617012473,,9,485,0.3943821279881789,,0.5785464823786252
21_0nm_00run_2000d.txt,UMAP,2,256,256,0,0,8876,8,1298,0.3859363467810272,,9,572,0.4300543951062726,,0.269319289904618
21_0nm_00run_2000d.txt,UMAP,3,4,2,0,0,8876,565,1903,0.1864424604215217,,874,1028,0.0291012882921864,,0.4752736474781679
21_0nm_00run_2000d.txt,UMAP,3,4,3,0,0,8876,318,1940,0.3262749868079388,,753,1266,0.0301438849826884,,0.4980621310999851
21_0nm_00run_2000d.txt,UMAP,3,4,4,0,0,8876,183,1657,0.3968601212574438,,603,1414,0.0347509276896052,,0.5082466932155869
21_0nm_00run_2000d.txt,UMAP,3,8,4,0,0,8876,69,1031,0.5108462228415045,,419,1020,0.0637844842175377,,0.4816408846163117
21_0nm_00run_2000d.txt,UMAP,3,8,6,0,0,8876,18,341,0.546473312687861,,395,1377,0.0550025085918065,,0.5081790495253875
21_0nm_00run_2000d.txt,UMAP,3,8,8,0,0,8876,19,448,0.5512576250312402,,333,1556,0.0984684973039235,,0.5273103843050874
21_0nm_00run_2000d.txt,UMAP,3,16,8,0,0,8876,20,960,0.4969377006799524,,85,344,0.4481522819075096,,0.5672760704958867
21_0nm_00run_2000d.txt,UMAP,3,16,12,0,0,8876,15,559,0.5382153926589792,,57,303,0.521814635245231,,0.630172585420546
21_0nm_00run_2000d.txt,UMAP,3,16,16,0,0,8876,17,963,0.505566137279058,,38,213,0.5456287153890761,,0.6091774680451724
21_0nm_00run_2000d.txt,UMAP,3,32,16,0,0,8876,14,810,0.5205281700552794,,19,88,0.5744182472426036,,0.5936265171984539
21_0nm_00run_2000d.txt,UMAP,3,32,24,0,0,8876,14,866,0.5201934701105346,,16,90,0.5764459148787501,,0.6077711425085592
21_0nm_00run_2000d.txt,UMAP,3,32,32,0,0,8876,14,952,0.5138748189078419,,10,0,0.5289303065292612,,0.61620848655574
21_0nm_00run_2000d.txt,UMAP,3,64,32,0,0,8876,12,636,0.5428200955735732,,10,0,0.5289303065292612,,0.61620848655574
21_0nm_00run_2000d.txt,UMAP,3,64,48,0,0,8876,13,1234,0.4888216148368347,,12,0,0.5703021788426459,,0.307852903179564
21_0nm_00run_2000d.txt,UMAP,3,64,64,0,0,8876,13,1314,0.4770201940234241,,12,94,0.5698239573130494,,0.4896330479456211
21_0nm_00run_2000d.txt,UMAP,3,128,64,0,0,8876,14,1317,0.5214982785467548,,12,94,0.5698239573130494,,0.4896330479456211
21_0nm_00run_2000d.txt,UMAP,3,128,96,0,0,8876,12,1575,0.4767187495524884,,9,48,0.4738836235317636,,0.6979060011778875
21_0nm_00run_2000d.txt,UMAP,3,128,128,0,0,8876,9,904,0.4419616579140962,,9,188,0.4777025027631675,,0.6797115544737127
21_0nm_00run_2000d.txt,UMAP,3,256,128,0,0,8876,9,904,0.4419616579140962,,9,188,0.4777025027631675,,0.6797115544737127
21_0nm_00run_2000d.txt,UMAP,3,256,192,0,0,8876,9,1091,0.4255697617012473,,10,565,0.5270572515325229,,0.4399511213573418
21_0nm_00run_2000d.txt,UMAP,3,256,256,0,0,8876,8,1298,0.3859363467810272,,9,409,0.4849068851288864,,0.735574299618427
21_0nm_00run_2000d.txt,TriMap,2,4,2,0,0,8876,565,1903,0.1864424604215217,,801,1458,0.0254033379482873,,0.4045654971646205
21_0nm_00run_2000d.txt,TriMap,2,4,3,0,0,8876,318,1940,0.3262749868079388,,649,1750,0.028779604881844,,0.4197968509708616
21_0nm_00run_2000d.txt,TriMap,2,4,4,0,0,8876,183,1657,0.3968601212574438,,540,2059,0.025397477591654,,0.4214909670916844
21_0nm_00run_2000d.txt,TriMap,2,8,4,0,0,8876,69,1031,0.5108462228415045,,336,1461,0.1524682611931967,,0.4068335019339256
21_0nm_00run_2000d.txt,TriMap,2,8,6,0,0,8876,18,341,0.546473312687861,,272,1576,0.2568562070079012,,0.4211998348296675
21_0nm_00run_2000d.txt,TriMap,2,8,8,0,0,8876,19,448,0.5512576250312402,,237,1903,0.2210275974413893,,0.4554546667006604
21_0nm_00run_2000d.txt,TriMap,2,16,8,0,0,8876,20,960,0.4969377006799524,,128,1507,0.3553769876409198,,0.3350207769485704
21_0nm_00run_2000d.txt,TriMap,2,16,12,0,0,8876,15,559,0.5382153926589792,,24,103,0.2826781594961617,,0.1303395176805664
21_0nm_00run_2000d.txt,TriMap,2,16,16,0,0,8876,17,963,0.505566137279058,,61,1247,0.4388710199267534,,0.2884465902376052
21_0nm_00run_2000d.txt,TriMap,2,32,16,0,0,8876,14,810,0.5205281700552794,,47,1135,0.5321529799555146,,0.2571530751711652
21_0nm_00run_2000d.txt,TriMap,2,32,24,0,0,8876,14,866,0.5201934701105346,,16,279,0.279878773642393,,0.1323798486180745
21_0nm_00run_2000d.txt,TriMap,2,32,32,0,0,8876,14,952,0.5138748189078419,,16,231,0.2827079590783471,,0.0843087545404206
21_0nm_00run_2000d.txt,TriMap,2,64,32,0,0,8876,12,636,0.5428200955735732,,18,509,0.291727126239598,,-0.2320168483743108
21_0nm_00run_2000d.txt,TriMap,2,64,48,0,0,8876,13,1234,0.4888216148368347,,12,121,0.2738346057605483,,0.0754717110974547
21_0nm_00run_2000d.txt,TriMap,2,64,64,0,0,8876,13,1314,0.4770201940234241,,16,605,0.2613640410155822,,0.0846740692328417
21_0nm_00run_2000d.txt,TriMap,2,128,64,0,0,8876,14,1317,0.5214982785467548,,12,537,0.4548331163574509,,0.1045522862574112
21_0nm_00run_2000d.txt,TriMap,2,128,96,0,0,8876,12,1575,0.4767187495524884,,8,127,0.2537824204850767,,-0.0607309592482889
21_0nm_00run_2000d.txt,TriMap,2,128,128,0,0,8876,9,904,0.4419616579140962,,12,1453,0.3829178605395816,,0.3937957459001039
21_0nm_00run_2000d.txt,TriMap,2,256,128,0,0,8876,9,904,0.4419616579140962,,8,745,0.3694150967001775,,-0.0830435808227791
21_0nm_00run_2000d.txt,TriMap,2,256,192,0,0,8876,9,1091,0.4255697617012473,,6,1119,0.2985936996735219,,0.3139542641253686
21_0nm_00run_2000d.txt,TriMap,2,256,256,0,0,8876,8,1298,0.3859363467810272,,6,1201,0.3150635717562602,,0.2742935432372855
21_0nm_00run_2000d.txt,TriMap,3,4,2,0,0,8876,565,1903,0.1864424604215217,,781,1479,0.0284365814815123,,0.4029128388765516
21_0nm_00run_2000d.txt,TriMap,3,4,3,0,0,8876,318,1940,0.3262749868079388,,658,1816,0.0262587695775379,,0.4214526250303705
21_0nm_00run_2000d.txt,TriMap,3,4,4,0,0,8876,183,1657,0.3968601212574438,,551,1947,0.0357416937147501,,0.4404263689955057
21_0nm_00run_2000d.txt,TriMap,3,8,4,0,0,8876,69,1031,0.5108462228415045,,340,1473,0.1563195110534647,,0.4590538133966771
21_0nm_00run_2000d.txt,TriMap,3,8,6,0,0,8876,18,341,0.546473312687861,,315,2009,0.1285513033938241,,0.4670779769778727
21_0nm_00run_2000d.txt,TriMap,3,8,8,0,0,8876,19,448,0.5512576250312402,,201,1541,0.3091084028516591,,0.5068522586847549
21_0nm_00run_2000d.txt,TriMap,3,16,8,0,0,8876,20,960,0.4969377006799524,,119,1278,0.3959521424171909,,0.4714266263070481
21_0nm_00run_2000d.txt,TriMap,3,16,12,0,0,8876,15,559,0.5382153926589792,,82,1211,0.514536619357563,,0.3674398107469022
21_0nm_00run_2000d.txt,TriMap,3,16,16,0,0,8876,17,963,0.505566137279058,,42,428,0.6196371583037323,,0.3204297694571005
21_0nm_00run_2000d.txt,TriMap,3,32,16,0,0,8876,14,810,0.5205281700552794,,24,313,0.6038411823907246,,0.2673768197080856
21_0nm_00run_2000d.txt,TriMap,3,32,24,0,0,8876,14,866,0.5201934701105346,,15,101,0.4602718527407048,,0.2104526213694753
21_0nm_00run_2000d.txt,TriMap,3,32,32,0,0,8876,14,952,0.5138748189078419,,16,154,0.3945378346962686,,0.0356930776210901
21_0nm_00run_2000d.txt,TriMap,3,64,32,0,0,8876,12,636,0.5428200955735732,,14,101,0.2865701450755453,,0.5849745142588905
21_0nm_00run_2000d.txt,TriMap,3,64,48,0,0,8876,13,1234,0.4888216148368347,,14,160,0.2842333935258214,,0.4911165989693358
21_0nm_00run_2000d.txt,TriMap,3,64,64,0,0,8876,13,1314,0.4770201940234241,,15,284,0.4891480445762312,,0.3076905298611157
21_0nm_00run_2000d.txt,TriMap,3,128,64,0,0,8876,14,1317,0.5214982785467548,,11,381,0.2901683275466992,,0.3937827486708467
21_0nm_00run_2000d.txt,TriMap,3,128,96,0,0,8876,12,1575,0.4767187495524884,,10,572,0.4183130030860597,,0.443005881962204
21_0nm_00run_2000d.txt,TriMap,3,128,128,0,0,8876,9,904,0.4419616579140962,,11,1324,0.3837421242551424,,0.5833225995934641
21_0nm_00run_2000d.txt,TriMap,3,256,128,0,0,8876,9,904,0.4419616579140962,,8,842,0.3780418289593791,,0.4638256478917572
21_0nm_00run_2000d.txt,TriMap,3,256,192,0,0,8876,9,1091,0.4255697617012473,,8,1162,0.356585777747307,,0.5156780540418121
21_0nm_00run_2000d.txt,TriMap,3,256,256,0,0,8876,8,1298,0.3859363467810272,,6,517,0.2856065610759163,,0.2283314674178853
21_0nm_00run_2000d.txt,PaCMAP,2,4,2,10,0,8876,565,1903,0.1864424604215217,,810,1429,0.0252199420632149,,0.395664569232401
21_0nm_00run_2000d.txt,PaCMAP,2,4,3,10,0,8876,318,1940,0.3262749868079388,,682,1828,0.0247347284938357,,0.4062985633579114
21_0nm_00run_2000d.txt,PaCMAP,2,4,4,10,0,8876,183,1657,0.3968601212574438,,545,1942,0.0302540124617962,,0.4298618914218097
21_0nm_00run_2000d.txt,PaCMAP,2,8,4,10,0,8876,69,1031,0.5108462228415045,,393,1704,0.048697978182793,,0.3963660325288183
21_0nm_00run_2000d.txt,PaCMAP,2,8,6,10,0,8876,18,341,0.546473312687861,,338,1971,0.0472701181573476,,0.4137691715328045
21_0nm_00run_2000d.txt,PaCMAP,2,8,8,10,0,8876,19,448,0.5512576250312402,,261,2084,0.1364331396318278,,0.419048714560432
21_0nm_00run_2000d.txt,PaCMAP,2,16,8,10,0,8876,20,960,0.4969377006799524,,116,1420,0.3764933617284216,,0.3940244365562571
21_0nm_00run_2000d.txt,PaCMAP,2,16,12,10,0,8876,15,559,0.5382153926589792,,100,1519,0.3794215947539018,,0.4266651792052524
21_0nm_00run_2000d.txt,PaCMAP,2,16,16,10,0,8876,17,963,0.505566137279058,,26,258,0.1705849177324442,,-0.2009863173876135
21_0nm_00run_2000d.txt,PaCMAP,2,32,16,10,0,8876,14,810,0.5205281700552794,,7,0,0.1713702954273266,,-0.188045311868203
21_0nm_00run_2000d.txt,PaCMAP,2,32,24,10,0,8876,14,866,0.5201934701105346,,9,7,0.2021727113587056,,-0.2279840622357667
21_0nm_00run_2000d.txt,PaCMAP,2,32,32,10,0,8876,14,952,0.5138748189078419,,5,0,0.1115271446905752,,0.0187041682295281
21_0nm_00run_2000d.txt,PaCMAP,2,128,128,10,0,8876,9,904,0.4419616579140962,,8,585,0.4021033973974137,,0.1272940340462479
21_0nm_00run_2000d.txt,PaCMAP,2,256,128,10,0,8876,9,904,0.4419616579140962,,8,585,0.4021033973974137,,0.1272940340462479
21_0nm_00run_2000d.txt,PaCMAP,2,256,192,10,0,8876,9,1091,0.4255697617012473,,7,765,0.3593611041347883,,0.3706944789351844
21_0nm_00run_2000d.txt,PaCMAP,2,256,256,10,0,8876,8,1298,0.3859363467810272,,7,1085,0.3457614713357104,,0.2590021966293747
21_0nm_00run_2000d.txt,PaCMAP,3,4,2,10,0,8876,565,1903,0.1864424604215217,,832,1432,0.0260398811571644,,0.4158358370244864
21_0nm_00run_2000d.txt,PaCMAP,3,4,3,10,0,8876,318,1940,0.3262749868079388,,697,1808,0.0244644872094594,,0.4317870088274158
21_0nm_00run_2000d.txt,PaCMAP,3,4,4,10,0,8876,183,1657,0.3968601212574438,,561,1941,0.0267377088767436,,0.443551971397643
21_0nm_00run_2000d.txt,PaCMAP,3,8,4,10,0,8876,69,1031,0.5108462228415045,,401,1759,0.0453949984902928,,0.4134170327187609
21_0nm_00run_2000d.txt,PaCMAP,3,8,6,10,0,8876,18,341,0.546473312687861,,343,1913,0.0561761875783644,,0.4316497970056787
21_0nm_00run_2000d.txt,PaCMAP,3,8,8,10,0,8876,19,448,0.5512576250312402,,263,2005,0.1444925904553555,,0.4701043112349327
21_0nm_00run_2000d.txt,PaCMAP,3,16,8,10,0,8876,20,960,0.4969377006799524,,81,964,0.2915023955503985,,0.1391890613741118
21_0nm_00run_2000d.txt,PaCMAP,3,16,12,10,0,8876,15,559,0.5382153926589792,,72,1288,0.3418071502011038,,0.5849193531452386
21_0nm_00run_2000d.txt,PaCMAP,3,16,16,10,0,8876,17,963,0.505566137279058,,94,1854,0.3390254984345494,,0.5108979496704483
21_0nm_00run_2000d.txt,PaCMAP,3,32,16,10,0,8876,14,810,0.5205281700552794,,57,1589,0.4059929266801946,,0.4777392142034398
21_0nm_00run_2000d.txt,PaCMAP,3,32,24,10,0,8876,14,866,0.5201934701105346,,7,2,0.1301696988383034,-0.2046204345706796,0.3472091320846562
21_0nm_00run_2000d.txt,PaCMAP,3,32,32,10,0,8876,14,952,0.5138748189078419,,6,0,0.2071195248509633,,0.0466495932668685
21_0nm_00run_2000d.txt,PaCMAP,3,64,32,10,0,8876,12,636,0.5428200955735732,,6,0,0.2071195248509633,,0.0466495932668685
21_0nm_00run_2000d.txt,PaCMAP,3,64,48,10,0,8876,13,1234,0.4888216148368347,,6,0,0.1239068636197966,-0.3307537330989745,0.3817916440932921
21_0nm_00run_2000d.txt,PaCMAP,3,64,64,10,0,8876,13,1314,0.4770201940234241,,12,262,0.5083070693451586,,0.1809530809447974
21_0nm_00run_2000d.txt,PaCMAP,3,128,64,10,0,8876,14,1317,0.5214982785467548,,10,313,0.5226091654040799,,0.1538729123576669
21_0nm_00run_2000d.txt,PaCMAP,3,128,96,10,0,8876,12,1575,0.4767187495524884,,10,482,0.5100400458313081,,0.049994828395955
21_0nm_00run_2000d.txt,PaCMAP,3,128,128,10,0,8876,9,904,0.4419616579140962,,5,109,0.2464924712092034,-0.5106430000971969,-0.2034832425123557
21_0nm_00run_2000d.txt,PaCMAP,3,256,128,10,0,8876,9,904,0.4419616579140962,,5,109,0.2464924712092034,-0.5106430000971969,-0.2034832425123557
21_0nm_00run_2000d.txt,PaCMAP,3,256,192,10,0,8876,9,1091,0.4255697617012473,,5,198,0.248351284696225,-0.4453767850263478,-0.1905150294206491
21_0nm_00run_2000d.txt,PaCMAP,3,256,256,10,0,8876,8,1298,0.3859363467810272,,5,311,0.2491734525585147,-0.2722573152482336,-0.2901117950294112
08_0nm_02run_100d.txt,tSNE,2,4,2,0,0,7160,598,2057,0.0166643789631206,0.3092912831298778,667,895,0.0419474049665312,0.235697733414163,0.3692216906645796
08_0nm_02run_100d.txt,tSNE,2,4,3,0,0,7160,309,1771,0.3037610569281465,0.3639918768318927,490,1050,0.1130452331841281,0.1690267783463515,0.3694663631870841
08_0nm_02run_100d.txt,tSNE,2,4,4,0,0,7160,132,1257,0.5297147600908751,0.462344633620611,255,681,0.326725633959947,-0.0089701191616816,0.3682007905629632
08_0nm_02run_100d.txt,tSNE,2,8,4,0,0,7160,77,1224,0.5411038036260247,0.4576369625278842,163,508,0.3540022183189448,-0.054305665886067,0.3261360723889418
08_0nm_02run_100d.txt,tSNE,2,8,6,0,0,7160,62,1284,0.588485337318523,0.4861821607661999,75,265,0.6374192628236054,-0.1579278076762447,0.2725819795556328
08_0nm_02run_100d.txt,tSNE,2,8,8,0,0,7160,46,1194,0.5835465512075465,0.4940461813771644,53,249,0.6895520682814832,-0.153765586063685,0.3455204914153241
08_0nm_02run_100d.txt,tSNE,2,16,8,0,0,7160,37,1131,0.6149999926863933,0.4773862107011546,37,92,0.7039537904449928,-0.1890579765495261,0.3188951868131534
08_0nm_02run_100d.txt,tSNE,2,16,12,0,0,7160,31,1066,0.6367065324995294,0.5500173777426296,28,23,0.7167728620056848,-0.2551314968066672,0.2515361845432321
08_0nm_02run_100d.txt,tSNE,2,16,16,0,0,7160,31,1177,0.5736774621348927,0.5271157666576745,20,3,0.7133271270602007,-0.0773827047409459,0.4286587795716785
08_0nm_02run_100d.txt,tSNE,2,32,16,0,0,7160,23,1136,0.5961935897225382,0.5138727959037549,20,3,0.7133271270602007,-0.0773827047409459,0.4286587795716785
08_0nm_02run_100d.txt,tSNE,2,32,24,0,0,7160,23,1299,0.5529080685128009,0.5419443931164715,15,0,0.7682682582680416,0.0379744291949435,0.494450739422671
08_0nm_02run_100d.txt,tSNE,2,32,32,0,0,7160,19,1153,0.4992833936246023,0.6122322315547866,15,7,0.7686427574345671,0.0417761239818183,0.5056966488490319
08_0nm_02run_100d.txt,tSNE,2,64,32,0,0,7160,17,1153,0.5118009261131603,0.6075935530534212,15,7,0.7686427574345671,0.0417761239818183,0.5056966488490319
08_0nm_02run_100d.txt,tSNE,2,64,48,0,0,7160,17,1323,0.4784345827972122,0.6072443897114665,14,20,0.73377175717983,0.0393239722281619,0.5253258657466607
08_0nm_02run_100d.txt,tSNE,2,64,64,0,0,7160,15,1156,0.4466094782111059,0.6180063514947012,14,36,0.7329450770174741,0.0262662170717493,0.527082775986294
08_0nm_02run_100d.txt,tSNE,2,256,256,0,0,7160,7,1365,0.4135880805957084,0.5582340073464053,2,2016,0.0445925701995623,0.0890107243995224,0.0302093360056487
08_0nm_02run_100d.txt,tSNE,3,4,2,0,0,7160,598,2057,0.0166643789631206,0.3092912831298778,673,1017,0.050301823426191,0.2459027644691152,0.3461544232196996
08_0nm_02run_100d.txt,tSNE,3,4,3,0,0,7160,309,1771,0.3037610569281465,0.3639918768318927,340,836,0.4259115225758753,0.0969544120480374,0.3115466461705387
08_0nm_02run_100d.txt,tSNE,3,16,12,0,0,7160,31,1066,0.6367065324995294,0.5500173777426296,12,0,0.7645760091430929,0.0387336895268778,0.3120699172448058
08_0nm_02run_100d.txt,tSNE,3,16,16,0,0,7160,31,1177,0.5736774621348927,0.5271157666576745,10,0,0.6591061337180393,-0.0037504643372403,0.4570727785516266
08_0nm_02run_100d.txt,tSNE,3,32,16,0,0,7160,23,1136,0.5961935897225382,0.5138727959037549,10,0,0.6591061337180393,-0.0037504643372403,0.4570727785516266
08_0nm_02run_100d.txt,tSNE,3,128,64,0,0,7160,12,1112,0.4844634468086964,0.603905552897002,10,114,0.5778395670305735,0.2163622188375887,0.2757787913485111
08_0nm_02run_100d.txt,tSNE,3,128,96,0,0,7160,10,1037,0.4783505131744212,0.57011842032069,10,655,0.5118403440208877,0.2837481740483011,0.3113420963121267
08_0nm_02run_100d.txt,tSNE,3,128,128,0,0,7160,9,1604,0.3866953238358066,0.4495383042864194,2,734,0.020047987041119,-0.4026383064926586,-0.1984985602126405
08_0nm_02run_100d.txt,tSNE,3,256,128,0,0,7160,7,971,0.4663305644279225,0.4809726926200383,2,734,0.020047987041119,-0.4026383064926586,-0.1984985602126405
08_0nm_02run_100d.txt,tSNE,3,256,192,0,0,7160,7,1305,0.424686511123694,0.5054706381403361,2,4160,0.0606192599777232,-0.2246282926391112,0.0927678068435149
08_0nm_02run_100d.txt,UMAP,2,8,6,0,0,7160,62,1284,0.588485337318523,0.4861821607661999,300,876,0.0783159376030884,0.0309636260814899,0.5406351474201953
08_0nm_02run_100d.txt,UMAP,2,8,8,0,0,7160,46,1194,0.5835465512075465,0.4940461813771644,257,938,0.1383748948010408,0.0677631453073673,0.5522313701692024
08_0nm_02run_100d.txt,UMAP,2,16,8,0,0,7160,37,1131,0.6149999926863933,0.4773862107011546,130,499,0.3408061438213057,-0.0651346797471369,0.4471857441771074
08_0nm_02run_100d.txt,UMAP,2,16,12,0,0,7160,31,1066,0.6367065324995294,0.5500173777426296,94,520,0.5091262321977704,-0.0407445929710067,0.4418790186201342
08_0nm_02run_100d.txt,UMAP,2,16,16,0,0,7160,31,1177,0.5736774621348927,0.5271157666576745,45,197,0.6808256173581145,0.0602097250061845,0.6320609006462286
08_0nm_02run_100d.txt,UMAP,2,32,16,0,0,7160,23,1136,0.5961935897225382,0.5138727959037549,25,31,0.7505672225035893,0.0264611221190904,0.6217854209412632
08_0nm_02run_100d.txt,UMAP,2,32,24,0,0,7160,23,1299,0.5529080685128009,0.5419443931164715,18,35,0.7573219190569296,-0.0074494392364354,0.4888911972075243
08_0nm_02run_100d.txt,UMAP,2,32,32,0,0,7160,19,1153,0.4992833936246023,0.6122322315547866,16,54,0.7537377511994051,0.0563182121300553,0.6787229567360092
08_0nm_02run_100d.txt,UMAP,2,64,32,0,0,7160,17,1153,0.5118009261131603,0.6075935530534212,13,0,0.7690211547706055,0.0342955023564618,0.656785327676676
08_0nm_02run_100d.txt,UMAP,2,64,48,0,0,7160,17,1323,0.4784345827972122,0.6072443897114665,12,0,0.7891443232254484,0.118337831611932,0.6905879422388156
08_0nm_02run_100d.txt,UMAP,2,64,64,0,0,7160,15,1156,0.4466094782111059,0.6180063514947012,13,18,0.8315434830096469,-0.0731728022889662,0.2788870458120369
08_0nm_02run_100d.txt,UMAP,2,128,64,0,0,7160,12,1112,0.4844634468086964,0.603905552897002,13,18,0.8315434830096469,-0.0731728022889662,0.2788870458120369
08_0nm_02run_100d.txt,UMAP,2,128,96,0,0,7160,10,1037,0.4783505131744212,0.57011842032069,11,0,0.7511815809127065,0.0912676085371707,0.6730148735803998
08_0nm_02run_100d.txt,UMAP,2,128,128,0,0,7160,9,1604,0.3866953238358066,0.4495383042864194,11,76,0.7406230606913546,0.0923485823261644,0.6733346143533505
08_0nm_02run_100d.txt,UMAP,2,256,128,0,0,7160,7,971,0.4663305644279225,0.4809726926200383,11,76,0.7406230606913546,0.0923485823261644,0.6733346143533505
08_0nm_02run_100d.txt,UMAP,2,256,192,0,0,7160,7,1305,0.424686511123694,0.5054706381403361,9,889,0.5395846643524737,0.1617833809075999,0.5169269079004023
08_0nm_02run_100d.txt,UMAP,2,256,256,0,0,7160,7,1365,0.4135880805957084,0.5582340073464053,4,567,0.2160172378457038,0.1356422964848959,0.2729300377600416
08_0nm_02run_100d.txt,UMAP,3,4,2,0,0,7160,598,2057,0.0166643789631206,0.3092912831298778,688,713,0.0341483028755834,0.0718205591144949,0.5066169634617188
08_0nm_02run_100d.txt,UMAP,3,4,3,0,0,7160,309,1771,0.3037610569281465,0.3639918768318927,604,844,0.0364475356402765,0.0739840425869065,0.5286348307810234
08_0nm_02run_100d.txt,UMAP,3,4,4,0,0,7160,132,1257,0.5297147600908751,0.462344633620611,498,923,0.0430618437022386,0.0822807139226407,0.5526504661568198
08_0nm_02run_100d.txt,UMAP,3,8,4,0,0,7160,77,1224,0.5411038036260247,0.4576369625278842,336,759,0.0658994398729559,0.0088743418458798,0.5015661963831186
08_0nm_02run_100d.txt,UMAP,3,8,6,0,0,7160,62,1284,0.588485337318523,0.4861821607661999,311,953,0.0662235787838919,0.042920549323007,0.531325597421614
08_0nm_02run_100d.txt,UMAP,3,8,8,0,0,7160,46,1194,0.5835465512075465,0.4940461813771644,264,1041,0.1211870275849285,0.0706563281536493,0.5670636660515548
08_0nm_02run_100d.txt,UMAP,3,16,8,0,0,7160,37,1131,0.6149999926863933,0.4773862107011546,118,464,0.3912044057054365,-0.0492795893903976,0.4886107941721027
08_0nm_02run_100d.txt,UMAP,3,16,12,0,0,7160,31,1066,0.6367065324995294,0.5500173777426296,66,313,0.5546373938318453,-0.0665621848676167,0.694042384370207
08_0nm_02run_100d.txt,UMAP,3,16,16,0,0,7160,31,1177,0.5736774621348927,0.5271157666576745,15,0,0.7613031730424176,0.0663535739649307,0.8278551301971663
08_0nm_02run_100d.txt,UMAP,3,32,16,0,0,7160,23,1136,0.5961935897225382,0.5138727959037549,14,0,0.7615964425486437,0.0623445543508139,0.8254610425933538
08_0nm_02run_100d.txt,UMAP,3,32,24,0,0,7160,23,1299,0.5529080685128009,0.5419443931164715,14,0,0.7615964425486437,0.0623445543508139,0.8254610425933538
08_0nm_02run_100d.txt,UMAP,3,32,32,0,0,7160,19,1153,0.4992833936246023,0.6122322315547866,15,1,0.7478874240169742,0.0308697566305798,0.7383337726726423
08_0nm_02run_100d.txt,UMAP,3,64,32,0,0,7160,17,1153,0.5118009261131603,0.6075935530534212,14,0,0.7545889910984428,0.0305898686474665,0.7392408164793547
08_0nm_02run_100d.txt,UMAP,3,64,48,0,0,7160,17,1323,0.4784345827972122,0.6072443897114665,13,17,0.7676060805296405,0.0925471029986014,0.8314900408334206
08_0nm_02run_100d.txt,UMAP,3,64,64,0,0,7160,15,1156,0.4466094782111059,0.6180063514947012,15,88,0.7295158352074573,0.1283659159731668,0.7523703114031908
08_0nm_02run_100d.txt,UMAP,3,128,64,0,0,7160,12,1112,0.4844634468086964,0.603905552897002,14,56,0.7544223068954146,0.1373474864546977,0.762136632835814
08_0nm_02run_100d.txt,UMAP,3,128,96,0,0,7160,10,1037,0.4783505131744212,0.57011842032069,13,96,0.761822025764657,0.1647098372845003,0.8310030744185622
08_0nm_02run_100d.txt,UMAP,3,128,128,0,0,7160,9,1604,0.3866953238358066,0.4495383042864194,11,25,0.7295596523990288,0.1023638542605229,0.7994302129984685
08_0nm_02run_100d.txt,UMAP,3,256,128,0,0,7160,7,971,0.4663305644279225,0.4809726926200383,11,25,0.7295596523990288,0.1023638542605229,0.7994302129984685
08_0nm_02run_100d.txt,UMAP,3,256,192,0,0,7160,7,1305,0.424686511123694,0.5054706381403361,10,108,0.6723088147805986,0.023511719576688,0.7459127161166721
08_0nm_02run_100d.txt,UMAP,3,256,256,0,0,7160,7,1365,0.4135880805957084,0.5582340073464053,9,440,0.5526648234456567,-0.0104182893989714,0.5744635449271798
08_0nm_02run_100d.txt,TriMap,2,4,2,0,0,7160,598,2057,0.0166643789631206,0.3092912831298778,673,1105,0.0255631076563388,0.0009896681426286,0.4198139631799237
08_0nm_02run_100d.txt,TriMap,2,4,3,0,0,7160,309,1771,0.3037610569281465,0.3639918768318927,543,1244,0.0330491606583271,0.0342158222892965,0.441877766655577
08_0nm_02run_100d.txt,TriMap,2,4,4,0,0,7160,132,1257,0.5297147600908751,0.462344633620611,420,1392,0.0368890544447912,0.0666353541734958,0.4361932183024559
08_0nm_02run_100d.txt,TriMap,2,8,4,0,0,7160,77,1224,0.5411038036260247,0.4576369625278842,305,1087,0.0663493420807018,0.0152874321728139,0.3923982595264349
08_0nm_02run_100d.txt,TriMap,2,8,6,0,0,7160,62,1284,0.588485337318523,0.4861821607661999,248,1325,0.1016828007072098,0.0447989522676635,0.40515842635855
08_0nm_02run_100d.txt,TriMap,2,8,8,0,0,7160,46,1194,0.5835465512075465,0.4940461813771644,206,1304,0.1610782766701344,0.0589175852480844,0.3906802408181561
08_0nm_02run_100d.txt,TriMap,2,16,8,0,0,7160,37,1131,0.6149999926863933,0.4773862107011546,105,805,0.3884218241239617,0.0290225921032512,0.4043399936807481
08_0nm_02run_100d.txt,TriMap,2,16,12,0,0,7160,31,1066,0.6367065324995294,0.5500173777426296,72,862,0.4865849740352834,0.2492673339583463,0.4294266787497652
08_0nm_02run_100d.txt,TriMap,2,16,16,0,0,7160,31,1177,0.5736774621348927,0.5271157666576745,47,775,0.6702559671229255,0.1494832469694559,0.3416869580713736
08_0nm_02run_100d.txt,TriMap,2,32,16,0,0,7160,23,1136,0.5961935897225382,0.5138727959037549,42,761,0.609423281259632,0.1745784115921212,0.4344509208490031
08_0nm_02run_100d.txt,TriMap,2,32,24,0,0,7160,23,1299,0.5529080685128009,0.5419443931164715,28,407,0.6813134824613322,0.0256988090118702,0.2480372954238366
08_0nm_02run_100d.txt,TriMap,2,32,32,0,0,7160,19,1153,0.4992833936246023,0.6122322315547866,30,694,0.6661166657797408,0.1992680308873268,0.4540886726740682
08_0nm_02run_100d.txt,TriMap,2,64,32,0,0,7160,17,1153,0.5118009261131603,0.6075935530534212,23,556,0.7260844393661263,0.2102785420425234,0.3981844990519826
08_0nm_02run_100d.txt,TriMap,2,64,48,0,0,7160,17,1323,0.4784345827972122,0.6072443897114665,19,351,0.5739333431005602,0.0512663049349534,0.139563316368813
08_0nm_02run_100d.txt,TriMap,2,64,64,0,0,7160,15,1156,0.4466094782111059,0.6180063514947012,22,782,0.6085725581397927,0.2915209145848196,0.3709221543999244
08_0nm_02run_100d.txt,TriMap,2,128,64,0,0,7160,12,1112,0.4844634468086964,0.603905552897002,10,336,0.3179621105099571,0.4911699762725431,0.2913694788832799
08_0nm_02run_100d.txt,TriMap,2,128,96,0,0,7160,10,1037,0.4783505131744212,0.57011842032069,15,878,0.5433535625978144,0.1235286447279678,0.2116020527177778
08_0nm_02run_100d.txt,TriMap,2,128,128,0,0,7160,9,1604,0.3866953238358066,0.4495383042864194,11,902,0.4310964246909309,0.2217678022368642,0.3960191865997171
08_0nm_02run_100d.txt,TriMap,2,256,128,0,0,7160,7,971,0.4663305644279225,0.4809726926200383,6,693,0.2362128982842165,0.3893961307717818,0.2596431730864295
08_0nm_02run_100d.txt,TriMap,2,256,192,0,0,7160,7,1305,0.424686511123694,0.5054706381403361,2,500,0.0258015262937365,0.2199086133442005,0.516122187579527
08_0nm_02run_100d.txt,TriMap,2,256,256,0,0,7160,7,1365,0.4135880805957084,0.5582340073464053,2,534,0.0249194599205837,0.22817898018003,0.4932305277435631
08_0nm_02run_100d.txt,TriMap,3,4,2,0,0,7160,598,2057,0.0166643789631206,0.3092912831298778,662,1010,0.0300226242290174,0.038115605845658,0.4215251160323693
08_0nm_02run_100d.txt,TriMap,3,4,3,0,0,7160,309,1771,0.3037610569281465,0.3639918768318927,540,1352,0.0287479492415805,0.0794858281155793,0.4404785775726723
08_0nm_02run_100d.txt,TriMap,3,4,4,0,0,7160,132,1257,0.5297147600908751,0.462344633620611,429,1381,0.0373245067610954,0.0621108526144727,0.4507942756216909
08_0nm_02run_100d.txt,TriMap,3,8,4,0,0,7160,77,1224,0.5411038036260247,0.4576369625278842,283,1009,0.1203532924245252,0.0307558618381021,0.4161999541770415
08_0nm_02run_100d.txt,TriMap,3,8,6,0,0,7160,62,1284,0.588485337318523,0.4861821607661999,259,1391,0.072558268518494,0.098645982092974,0.4345345029214614
08_0nm_02run_100d.txt,TriMap,3,8,8,0,0,7160,46,1194,0.5835465512075465,0.4940461813771644,232,1421,0.1069215983714717,0.115073588611421,0.4425631346367455
08_0nm_02run_100d.txt,TriMap,3,16,8,0,0,7160,37,1131,0.6149999926863933,0.4773862107011546,108,976,0.3200619197242562,0.0125206344808307,0.3793659117566295
08_0nm_02run_100d.txt,TriMap,3,16,12,0,0,7160,31,1066,0.6367065324995294,0.5500173777426296,96,1138,0.4314653993750382,0.2463051528843025,0.5533908751194005
08_0nm_02run_100d.txt,TriMap,3,16,16,0,0,7160,31,1177,0.5736774621348927,0.5271157666576745,41,578,0.64101961036794,0.2857821204977552,0.5081720188792443
08_0nm_02run_100d.txt,TriMap,3,32,16,0,0,7160,23,1136,0.5961935897225382,0.5138727959037549,27,206,0.773351372173771,0.0081464114310942,0.2800125704782135
08_0nm_02run_100d.txt,TriMap,3,32,24,0,0,7160,23,1299,0.5529080685128009,0.5419443931164715,21,298,0.7648151842008537,0.1310365446661057,0.4500217791797842
08_0nm_02run_100d.txt,TriMap,3,32,32,0,0,7160,19,1153,0.4992833936246023,0.6122322315547866,27,508,0.7043990561830783,0.2833921755340767,0.4732837292667349
08_0nm_02run_100d.txt,TriMap,3,64,32,0,0,7160,17,1153,0.5118009261131603,0.6075935530534212,20,275,0.73903983283141,0.2379381183087444,0.5737920609765974
08_0nm_02run_100d.txt,TriMap,3,64,48,0,0,7160,17,1323,0.4784345827972122,0.6072443897114665,20,615,0.6504032335162743,0.3890476396245079,0.616397818230252
08_0nm_02run_100d.txt,TriMap,3,64,64,0,0,7160,15,1156,0.4466094782111059,0.6180063514947012,23,863,0.6587228970888115,0.3476186635111499,0.5927558761075277
08_0nm_02run_100d.txt,TriMap,3,128,64,0,0,7160,12,1112,0.4844634468086964,0.603905552897002,14,429,0.6495610962917081,0.2843264251410847,0.5009719910390851
08_0nm_02run_100d.txt,TriMap,3,128,96,0,0,7160,10,1037,0.4783505131744212,0.57011842032069,17,1082,0.5951659799559973,0.4325116699102148,0.6134346481913786
08_0nm_02run_100d.txt,TriMap,3,128,128,0,0,7160,9,1604,0.3866953238358066,0.4495383042864194,3,52,0.0273863107920025,-0.5201226557214113,0.5214104438086101
08_0nm_02run_100d.txt,TriMap,3,256,128,0,0,7160,7,971,0.4663305644279225,0.4809726926200383,7,821,0.3016065278672113,0.4181662703857265,0.3597761454014054
08_0nm_02run_100d.txt,TriMap,3,256,192,0,0,7160,7,1305,0.424686511123694,0.5054706381403361,2,517,0.024574003696172,0.2102160284994751,0.601633713996322
08_0nm_02run_100d.txt,TriMap,3,256,256,0,0,7160,7,1365,0.4135880805957084,0.5582340073464053,2,633,0.025292058234241,0.2227776223887366,0.6176526071817697
08_0nm_02run_100d.txt,PaCMAP,2,4,2,10,0,7160,598,2057,0.0166643789631206,0.3092912831298778,674,972,0.0311835582281346,-0.0060780989187589,0.4317038470030542
08_0nm_02run_100d.txt,PaCMAP,2,4,3,10,0,7160,309,1771,0.3037610569281465,0.3639918768318927,574,1201,0.0311245086346118,0.0174613865373284,0.4490666466042683
08_0nm_02run_100d.txt,PaCMAP,2,4,4,10,0,7160,132,1257,0.5297147600908751,0.462344633620611,445,1267,0.0383327327336145,0.0295999316105573,0.4637171266407377
08_0nm_02run_100d.txt,PaCMAP,2,8,4,10,0,7160,77,1224,0.5411038036260247,0.4576369625278842,320,959,0.0668898456174023,-0.0047456568134522,0.4449640226167059
08_0nm_02run_100d.txt,PaCMAP,2,8,6,10,0,7160,62,1284,0.588485337318523,0.4861821607661999,286,1179,0.062737085799593,0.059292643296255,0.4700030659698327
08_0nm_02run_100d.txt,PaCMAP,2,8,8,10,0,7160,46,1194,0.5835465512075465,0.4940461813771644,233,1310,0.0729029580468333,0.0879178583530805,0.4809595779471634
08_0nm_02run_100d.txt,PaCMAP,2,16,8,10,0,7160,37,1131,0.6149999926863933,0.4773862107011546,141,1087,0.1689202848893075,0.0225394785026095,0.4639754644224837
08_0nm_02run_100d.txt,PaCMAP,2,16,12,10,0,7160,31,1066,0.6367065324995294,0.5500173777426296,102,986,0.3744416571182636,0.0580293964974515,0.4671975721184742
08_0nm_02run_100d.txt,PaCMAP,2,16,16,10,0,7160,31,1177,0.5736774621348927,0.5271157666576745,77,939,0.422037996985618,0.169984084119363,0.4777698405636187
08_0nm_02run_100d.txt,PaCMAP,2,32,16,10,0,7160,23,1136,0.5961935897225382,0.5138727959037549,35,474,0.5579637729198386,-0.0405673697579986,0.1794956309168104
08_0nm_02run_100d.txt,PaCMAP,2,32,24,10,0,7160,23,1299,0.5529080685128009,0.5419443931164715,10,40,0.4560856778759373,-0.1835971208892134,0.1319629715361366
08_0nm_02run_100d.txt,PaCMAP,2,32,32,10,0,7160,19,1153,0.4992833936246023,0.6122322315547866,8,0,0.4733860413771085,-0.2727818258629291,-0.1293867198149744
08_0nm_02run_100d.txt,PaCMAP,2,64,32,10,0,7160,17,1153,0.5118009261131603,0.6075935530534212,8,0,0.4733860413771085,-0.2727818258629291,-0.1293867198149744
08_0nm_02run_100d.txt,PaCMAP,2,64,48,10,0,7160,17,1323,0.4784345827972122,0.6072443897114665,7,0,0.4031671992925776,-0.3174319874653308,0.0991491660277654
08_0nm_02run_100d.txt,PaCMAP,2,64,64,10,0,7160,15,1156,0.4466094782111059,0.6180063514947012,6,0,0.2652652265756489,-0.2087366969108546,-0.0508946612361911
08_0nm_02run_100d.txt,PaCMAP,2,128,64,10,0,7160,12,1112,0.4844634468086964,0.603905552897002,6,0,0.2652652265756489,-0.2087366969108546,-0.0508946612361911
08_0nm_02run_100d.txt,PaCMAP,2,128,96,10,0,7160,10,1037,0.4783505131744212,0.57011842032069,6,0,0.2653008694037487,-0.2235398222920213,-0.0508477039976075
08_0nm_02run_100d.txt,PaCMAP,2,128,128,10,0,7160,9,1604,0.3866953238358066,0.4495383042864194,7,141,0.4468558209427776,-0.4296924171315219,-0.1868917601111888
08_0nm_02run_100d.txt,PaCMAP,2,256,128,10,0,7160,7,971,0.4663305644279225,0.4809726926200383,7,141,0.4468558209427776,-0.4296924171315219,-0.1868917601111888
08_0nm_02run_100d.txt,PaCMAP,2,256,192,10,0,7160,7,1305,0.424686511123694,0.5054706381403361,2,0,0.0439939782317746,-0.1165534435145111,0.0315828183110556
08_0nm_02run_100d.txt,PaCMAP,2,256,256,10,0,7160,7,1365,0.4135880805957084,0.5582340073464053,3,158,0.0751624420533001,-0.0402757834337138,0.1342376426501174
08_0nm_02run_100d.txt,PaCMAP,3,4,2,10,0,7160,598,2057,0.0166643789631206,0.3092912831298778,683,975,0.0304212464056117,-0.0079477621221999,0.4496499310749134
08_0nm_02run_100d.txt,PaCMAP,3,4,3,10,0,7160,309,1771,0.3037610569281465,0.3639918768318927,582,1213,0.0302384157539812,0.0346430068020133,0.4699054737598934
08_0nm_02run_100d.txt,PaCMAP,3,4,4,10,0,7160,132,1257,0.5297147600908751,0.462344633620611,447,1292,0.0356825936322973,0.0430515684686195,0.5021628124370932
08_0nm_02run_100d.txt,PaCMAP,3,8,4,10,0,7160,77,1224,0.5411038036260247,0.4576369625278842,332,1011,0.0580932181806084,0.0028838606134567,0.4689242329659189
08_0nm_02run_100d.txt,PaCMAP,3,8,6,10,0,7160,62,1284,0.588485337318523,0.4861821607661999,287,1281,0.0574818356485259,0.0627776684739844,0.4961941076623581
08_0nm_02run_100d.txt,PaCMAP,3,8,8,10,0,7160,46,1194,0.5835465512075465,0.4940461813771644,225,1312,0.1579296723912774,0.0792180223345433,0.5396673860694743
08_0nm_02run_100d.txt,PaCMAP,3,16,8,10,0,7160,37,1131,0.6149999926863933,0.4773862107011546,111,822,0.3763309248557488,-0.0508631884226543,0.5123330962160307
08_0nm_02run_100d.txt,PaCMAP,3,16,12,10,0,7160,31,1066,0.6367065324995294,0.5500173777426296,57,366,0.575665110972542,0.0569722782071309,0.6380660084346279
08_0nm_02run_100d.txt,PaCMAP,3,16,16,10,0,7160,31,1177,0.5736774621348927,0.5271157666576745,70,955,0.5039022133118805,0.1476051534885595,0.5862958458023715
08_0nm_02run_100d.txt,PaCMAP,3,32,16,10,0,7160,23,1136,0.5961935897225382,0.5138727959037549,21,144,0.7044597683507651,0.1003467093847218,0.7163906027776715
08_0nm_02run_100d.txt,PaCMAP,3,32,24,10,0,7160,23,1299,0.5529080685128009,0.5419443931164715,18,216,0.717701200407628,0.1852217752250739,0.765773701876366
08_0nm_02run_100d.txt,PaCMAP,3,32,32,10,0,7160,19,1153,0.4992833936246023,0.6122322315547866,21,360,0.7005698564216062,0.1923982427181813,0.4672654957685145
08_0nm_02run_100d.txt,PaCMAP,3,64,32,10,0,7160,17,1153,0.5118009261131603,0.6075935530534212,15,166,0.7643193911928946,0.1337169359474775,0.443230012207587
08_0nm_02run_100d.txt,PaCMAP,3,64,48,10,0,7160,17,1323,0.4784345827972122,0.6072443897114665,16,204,0.6858917382059575,0.1410398921910997,0.6702695006017966
08_0nm_02run_100d.txt,PaCMAP,3,64,64,10,0,7160,15,1156,0.4466094782111059,0.6180063514947012,16,258,0.6356198025486155,0.2294869480829564,0.6351207013833513
08_0nm_02run_100d.txt,PaCMAP,3,128,64,10,0,7160,12,1112,0.4844634468086964,0.603905552897002,15,246,0.6396772545169604,0.2154053921792856,0.6351724304384759
08_0nm_02run_100d.txt,PaCMAP,3,128,96,10,0,7160,10,1037,0.4783505131744212,0.57011842032069,8,0,0.4812369219900755,-0.1106195491640547,0.5812757804396791
08_0nm_02run_100d.txt,PaCMAP,3,128,128,10,0,7160,9,1604,0.3866953238358066,0.4495383042864194,9,87,0.4928519435613964,-0.120898887851491,0.5621856801894161
08_0nm_02run_100d.txt,PaCMAP,3,256,128,10,0,7160,7,971,0.4663305644279225,0.4809726926200383,8,15,0.4806625271674938,-0.1094362073097355,0.5827247379663798
08_0nm_02run_100d.txt,PaCMAP,3,256,192,10,0,7160,7,1305,0.424686511123694,0.5054706381403361,7,30,0.4570398167846956,-0.023512126123655,0.8244934896764322
08_0nm_02run_100d.txt,PaCMAP,3,256,256,10,0,7160,7,1365,0.4135880805957084,0.5582340073464053,7,112,0.4453388926238422,-0.024178310609998,0.8138985075634954
18_0nm_02run_1000d.txt,tSNE,2,4,2,0,0,9846,789,2571,0.0720499641315358,,885,1233,0.0339935303995067,,0.3656411659827255
18_0nm_02run_1000d.txt,tSNE,2,4,3,0,0,9846,411,2332,0.2743780671925445,,711,1516,0.0557924394200584,,0.4016350880276587
18_0nm_02run_1000d.txt,tSNE,2,4,4,0,0,9846,145,1147,0.4655655527333295,,404,1233,0.2631943427104544,,0.4184545616051539
18_0nm_02run_1000d.txt,tSNE,2,8,4,0,0,9846,95,1297,0.5405610692690069,,245,815,0.359116119443524,,0.3958859155172206
18_0nm_02run_1000d.txt,tSNE,2,8,6,0,0,9846,66,1370,0.5588996518137351,,181,754,0.4620506391130278,,0.4177993387900236
18_0nm_02run_1000d.txt,tSNE,2,8,8,0,0,9846,60,1553,0.5431428467159947,,104,476,0.5993576184391183,,0.3215013658538298
18_0nm_02run_1000d.txt,tSNE,2,16,8,0,0,9846,35,1351,0.5853612002736471,,56,170,0.6373986804688078,,0.2878762251070374
18_0nm_02run_1000d.txt,tSNE,2,16,12,0,0,9846,32,1410,0.5847377020501513,,26,63,0.6835494120830272,,0.274832874512771
18_0nm_02run_1000d.txt,tSNE,2,16,16,0,0,9846,25,1318,0.4954324983850168,,19,4,0.6708840194165281,,0.324747222359413
18_0nm_02run_1000d.txt,tSNE,2,32,16,0,0,9846,23,1487,0.5589230544899529,,22,34,0.6518399310022813,,0.3260142004381289
18_0nm_02run_1000d.txt,tSNE,2,32,24,0,0,9846,16,1108,0.5118110496539323,,19,13,0.6986804393469255,-0.2881009336929394,0.3757252479819758
18_0nm_02run_1000d.txt,tSNE,2,32,32,0,0,9846,16,1436,0.4756693999367113,,17,14,0.6712336293698223,-0.242208837706022,0.4003688426595815
18_0nm_02run_1000d.txt,tSNE,2,64,32,0,0,9846,14,1365,0.4910885417753475,,17,14,0.6712336293698223,-0.242208837706022,0.4003688426595815
18_0nm_02run_1000d.txt,tSNE,2,64,48,0,0,9846,15,1667,0.4527114437321937,,16,19,0.6345817932913095,-0.2073166776041865,0.4148861551895208
18_0nm_02run_1000d.txt,tSNE,2,64,64,0,0,9846,16,1922,0.4120873745679902,0.5573466998297045,18,129,0.6463788608998904,-0.1691894252503656,0.3236478868141323
18_0nm_02run_1000d.txt,tSNE,2,128,64,0,0,9846,10,1065,0.4410583800144557,0.5957020849517631,16,205,0.6451951609114204,-0.16999631926291,0.3272356528427245
18_0nm_02run_1000d.txt,tSNE,2,128,96,0,0,9846,8,782,0.4074860626804002,0.6063895508418037,15,484,0.6173116885221859,,0.4239916036731684
18_0nm_02run_1000d.txt,tSNE,2,128,128,0,0,9846,9,1086,0.3917678646859933,,14,1348,0.5386283925959949,,0.3794894302150529
18_0nm_02run_1000d.txt,tSNE,2,256,128,0,0,9846,8,901,0.3980228163329906,,13,1318,0.5262937311577957,-0.1072707995755181,0.3644635111425914
18_0nm_02run_1000d.txt,tSNE,2,256,192,0,0,9846,7,1302,0.3494546059734539,,5,1064,0.077288347467949,-0.5635513047663208,0.0148719217497791
18_0nm_02run_1000d.txt,tSNE,2,256,256,0,0,9846,6,1612,0.329889956040062,,3,1162,0.02498112133446,-0.7748222592772598,-0.0160853889609056
18_0nm_02run_1000d.txt,tSNE,3,4,2,0,0,9846,789,2571,0.0720499641315358,,924,1429,0.0272176453582939,,0.3605464511388815
18_0nm_02run_1000d.txt,tSNE,3,4,3,0,0,9846,411,2332,0.2743780671925445,,557,1255,0.3308802553468196,,0.3960746603092406
18_0nm_02run_1000d.txt,tSNE,3,4,4,0,0,9846,145,1147,0.4655655527333295,,348,1263,0.4353788197061811,,0.4188505332562589
18_0nm_02run_1000d.txt,tSNE,3,8,4,0,0,9846,95,1297,0.5405610692690069,,183,897,0.517219412699634,,0.4063729400606711
18_0nm_02run_1000d.txt,tSNE,3,8,6,0,0,9846,66,1370,0.5588996518137351,,46,231,0.5981098480686245,,0.4131086455000216
18_0nm_02run_1000d.txt,tSNE,3,8,8,0,0,9846,60,1553,0.5431428467159947,,11,0,0.6082155096418015,-0.1117617269880259,0.3605899399806185
18_0nm_02run_1000d.txt,tSNE,3,16,8,0,0,9846,35,1351,0.5853612002736471,,11,0,0.6082155096418015,-0.1117617269880259,0.3605899399806185
18_0nm_02run_1000d.txt,tSNE,3,16,12,0,0,9846,32,1410,0.5847377020501513,,11,2,0.6081767923604157,-0.111617830984825,0.3606104982377675
18_0nm_02run_1000d.txt,tSNE,3,16,16,0,0,9846,25,1318,0.4954324983850168,,11,11,0.6083062080697129,-0.077397938981894,0.3608293053444797
18_0nm_02run_1000d.txt,tSNE,3,32,16,0,0,9846,23,1487,0.5589230544899529,,11,11,0.6083062080697129,-0.077397938981894,0.3608293053444797
18_0nm_02run_1000d.txt,tSNE,3,32,24,0,0,9846,16,1108,0.5118110496539323,,11,20,0.6081355002703843,-0.0767455922646264,0.4090091810822189
18_0nm_02run_1000d.txt,tSNE,3,32,32,0,0,9846,16,1436,0.4756693999367113,,11,39,0.6075722714859304,-0.1067601842721558,0.4176340690134308
18_0nm_02run_1000d.txt,tSNE,3,64,32,0,0,9846,14,1365,0.4910885417753475,,11,39,0.6075722714859304,-0.1067601842721558,0.4176340690134308
18_0nm_02run_1000d.txt,tSNE,3,64,48,0,0,9846,15,1667,0.4527114437321937,,11,57,0.6062677237436968,-0.0726057083757027,0.3850326768559591
18_0nm_02run_1000d.txt,tSNE,3,64,64,0,0,9846,16,1922,0.4120873745679902,0.5573466998297045,13,203,0.6605627103421403,,0.2911922029455636
18_0nm_02run_1000d.txt,tSNE,3,128,64,0,0,9846,10,1065,0.4410583800144557,0.5957020849517631,13,203,0.6605627103421403,,0.2911922029455636
18_0nm_02run_1000d.txt,tSNE,3,128,96,0,0,9846,8,782,0.4074860626804002,0.6063895508418037,12,742,0.6019781950439795,,0.4604785135490861
18_0nm_02run_1000d.txt,tSNE,3,128,128,0,0,9846,9,1086,0.3917678646859933,,11,2221,0.3483683575589354,,0.3756838687354862
18_0nm_02run_1000d.txt,tSNE,3,256,128,0,0,9846,8,901,0.3980228163329906,,11,2221,0.3483683575589354,,0.3756838687354862
18_0nm_02run_1000d.txt,tSNE,3,256,192,0,0,9846,7,1302,0.3494546059734539,,9,4783,0.121451062647632,,0.187316039560919
18_0nm_02run_1000d.txt,tSNE,3,256,256,0,0,9846,6,1612,0.329889956040062,,2,4754,0.0512620101038612,,-0.2014070221681775
18_0nm_02run_1000d.txt,UMAP,2,4,2,0,0,9846,789,2571,0.0720499641315358,,949,1167,0.0300720641509801,,0.4679802672913543
18_0nm_02run_1000d.txt,UMAP,2,4,3,0,0,9846,411,2332,0.2743780671925445,,795,1369,0.0312070155652602,,0.4874587741293334
18_0nm_02run_1000d.txt,UMAP,2,4,4,0,0,9846,145,1147,0.4655655527333295,,640,1455,0.0363895515144414,,0.5027280001323233
18_0nm_02run_1000d.txt,UMAP,2,8,4,0,0,9846,95,1297,0.5405610692690069,,446,1255,0.0555683598759009,,0.4804128296346898
18_0nm_02run_1000d.txt,UMAP,2,8,6,0,0,9846,66,1370,0.5588996518137351,,398,1423,0.0602775119752647,,0.5114096863171902
18_0nm_02run_1000d.txt,UMAP,2,8,8,0,0,9846,60,1553,0.5431428467159947,,346,1558,0.1342943952208428,,0.5272704312859073
18_0nm_02run_1000d.txt,UMAP,2,16,8,0,0,9846,35,1351,0.5853612002736471,,164,777,0.4360793685184958,,0.514243019355423
18_0nm_02run_1000d.txt,UMAP,2,16,12,0,0,9846,32,1410,0.5847377020501513,,99,555,0.5527786857821847,,0.503306459039061
18_0nm_02run_1000d.txt,UMAP,2,16,16,0,0,9846,25,1318,0.4954324983850168,,46,211,0.636374620498912,,0.6126752636951239
18_0nm_02run_1000d.txt,UMAP,2,32,16,0,0,9846,23,1487,0.5589230544899529,,20,23,0.6738913334535914,,0.5747144398787458
18_0nm_02run_1000d.txt,UMAP,2,32,24,0,0,9846,16,1108,0.5118110496539323,,17,28,0.6761714613459222,,0.5793969402657283
18_0nm_02run_1000d.txt,UMAP,2,32,32,0,0,9846,16,1436,0.4756693999367113,,17,60,0.6767573033960526,,0.6246126105355396
18_0nm_02run_1000d.txt,UMAP,2,64,32,0,0,9846,14,1365,0.4910885417753475,,15,18,0.6709679605347125,,0.6039109957451888
18_0nm_02run_1000d.txt,UMAP,2,64,48,0,0,9846,15,1667,0.4527114437321937,,16,102,0.6788624417506336,,0.6181550642652344
18_0nm_02run_1000d.txt,UMAP,2,64,64,0,0,9846,16,1922,0.4120873745679902,0.5573466998297045,13,50,0.664307767996427,0.0766933706463075,0.6289353116869679
18_0nm_02run_1000d.txt,UMAP,2,128,64,0,0,9846,10,1065,0.4410583800144557,0.5957020849517631,13,50,0.664307767996427,0.0766933706463075,0.6289353116869679
18_0nm_02run_1000d.txt,UMAP,2,128,96,0,0,9846,8,782,0.4074860626804002,0.6063895508418037,13,85,0.6628950129530355,0.0783782455111705,0.6615352098294458
18_0nm_02run_1000d.txt,UMAP,2,128,128,0,0,9846,9,1086,0.3917678646859933,,13,192,0.6547125361853458,,0.6427296988849248
18_0nm_02run_1000d.txt,UMAP,2,256,128,0,0,9846,8,901,0.3980228163329906,,12,185,0.6358428179510067,,0.6155343254024817
18_0nm_02run_1000d.txt,UMAP,2,256,192,0,0,9846,7,1302,0.3494546059734539,,12,677,0.588948879181995,0.0418211875061705,0.6488072824488709
18_0nm_02run_1000d.txt,UMAP,2,256,256,0,0,9846,6,1612,0.329889956040062,,10,757,0.5588313535922844,0.0353099935329867,0.5480178183247781
18_0nm_02run_1000d.txt,UMAP,3,4,2,0,0,9846,789,2571,0.0720499641315358,,922,1196,0.0313413233094976,,0.4684698366966974
18_0nm_02run_1000d.txt,UMAP,3,4,3,0,0,9846,411,2332,0.2743780671925445,,789,1415,0.0321376849315146,,0.4986031593959073
18_0nm_02run_1000d.txt,UMAP,3,4,4,0,0,9846,145,1147,0.4655655527333295,,657,1576,0.0341407410458561,,0.5195400390521315
18_0nm_02run_1000d.txt,UMAP,3,8,4,0,0,9846,95,1297,0.5405610692690069,,447,1172,0.0591492389614743,,0.4937327544790648
18_0nm_02run_1000d.txt,UMAP,3,8,6,0,0,9846,66,1370,0.5588996518137351,,382,1357,0.1424866614617767,,0.5420123396911688
18_0nm_02run_1000d.txt,UMAP,3,8,8,0,0,9846,60,1553,0.5431428467159947,,285,1264,0.2979839529766888,,0.6210988241592633
18_0nm_02run_1000d.txt,UMAP,3,16,8,0,0,9846,35,1351,0.5853612002736471,,165,696,0.4484388990652914,,0.6412252228739793
18_0nm_02run_1000d.txt,UMAP,3,16,12,0,0,9846,32,1410,0.5847377020501513,,74,286,0.6025289824507173,,0.7636513299157051
18_0nm_02run_1000d.txt,UMAP,3,16,16,0,0,9846,25,1318,0.4954324983850168,,69,380,0.6004720557626863,,0.7631846936541836
18_0nm_02run_1000d.txt,UMAP,3,32,16,0,0,9846,23,1487,0.5589230544899529,,21,30,0.6698925147559154,,0.638595504195657
18_0nm_02run_1000d.txt,UMAP,3,32,24,0,0,9846,16,1108,0.5118110496539323,,16,0,0.6536124632774394,,0.5701345472731929
18_0nm_02run_1000d.txt,UMAP,3,32,32,0,0,9846,16,1436,0.4756693999367113,,15,0,0.6687186909789469,,0.6469887622244914
18_0nm_02run_1000d.txt,UMAP,3,64,32,0,0,9846,14,1365,0.4910885417753475,,15,0,0.6687186909789469,,0.6469887622244914
18_0nm_02run_1000d.txt,UMAP,3,64,48,0,0,9846,15,1667,0.4527114437321937,,14,0,0.6572637212416956,,0.6982971016869858
18_0nm_02run_1000d.txt,UMAP,3,64,64,0,0,9846,16,1922,0.4120873745679902,0.5573466998297045,14,0,0.6572637212416956,,0.6982971016869859
18_0nm_02run_1000d.txt,UMAP,3,128,64,0,0,9846,10,1065,0.4410583800144557,0.5957020849517631,14,0,0.6572637212416956,,0.6982971016869859
18_0nm_02run_1000d.txt,UMAP,3,128,96,0,0,9846,8,782,0.4074860626804002,0.6063895508418037,12,0,0.6543975861602631,,0.7030360933446417
18_0nm_02run_1000d.txt,UMAP,3,128,128,0,0,9846,9,1086,0.3917678646859933,,12,79,0.6582555177608265,,0.8056556076768386
18_0nm_02run_1000d.txt,UMAP,3,256,128,0,0,9846,8,901,0.3980228163329906,,12,79,0.6582555177608265,,0.8056556076768386
18_0nm_02run_1000d.txt,UMAP,3,256,192,0,0,9846,7,1302,0.3494546059734539,,12,366,0.6454639033119075,,0.7988475694979211
18_0nm_02run_1000d.txt,UMAP,3,256,256,0,0,9846,6,1612,0.329889956040062,,12,574,0.6219502477679391,,0.7901394008800138
18_0nm_02run_1000d.txt,TriMap,2,4,2,0,0,9846,789,2571,0.0720499641315358,,845,1593,0.0286630329083795,,0.3851872668177953
18_0nm_02run_1000d.txt,TriMap,2,4,3,0,0,9846,411,2332,0.2743780671925445,,729,1860,0.0284568825817982,,0.4228389459933479
18_0nm_02run_1000d.txt,TriMap,2,4,4,0,0,9846,145,1147,0.4655655527333295,,523,1966,0.1045093873430554,,0.4524388752052261
18_0nm_02run_1000d.txt,TriMap,2,8,4,0,0,9846,95,1297,0.5405610692690069,,366,1625,0.1615691416031493,,0.415812530746719
18_0nm_02run_1000d.txt,TriMap,2,8,6,0,0,9846,66,1370,0.5588996518137351,,355,2176,0.0456169958492372,,0.4299998116948487
18_0nm_02run_1000d.txt,TriMap,2,8,8,0,0,9846,60,1553,0.5431428467159947,,223,1604,0.3238019919468018,,0.3809403289410953
18_0nm_02run_1000d.txt,TriMap,2,16,8,0,0,9846,35,1351,0.5853612002736471,,113,1018,0.4714943595288501,,0.3641642082735664
18_0nm_02run_1000d.txt,TriMap,2,16,12,0,0,9846,32,1410,0.5847377020501513,,67,748,0.5434358769743196,,0.366633538876284
18_0nm_02run_1000d.txt,TriMap,2,16,16,0,0,9846,25,1318,0.4954324983850168,,60,913,0.4384757718949528,,0.4918601573235395
18_0nm_02run_1000d.txt,TriMap,2,32,16,0,0,9846,23,1487,0.5589230544899529,,34,518,0.4951582287217182,,0.4388295759768379
18_0nm_02run_1000d.txt,TriMap,2,32,24,0,0,9846,16,1108,0.5118110496539323,,15,228,0.4249521094639421,0.0889893499950799,0.1916648147859507
18_0nm_02run_1000d.txt,TriMap,2,32,32,0,0,9846,16,1436,0.4756693999367113,,19,601,0.5010619028785566,,0.3631590177496377
18_0nm_02run_1000d.txt,TriMap,2,64,32,0,0,9846,14,1365,0.4910885417753475,,8,134,0.4144729572282598,-0.0432928613180381,0.2185900450900406
18_0nm_02run_1000d.txt,TriMap,2,64,48,0,0,9846,15,1667,0.4527114437321937,,17,783,0.5950854393979111,,0.2207689758001873
18_0nm_02run_1000d.txt,TriMap,2,64,64,0,0,9846,16,1922,0.4120873745679902,0.5573466998297045,21,1189,0.5600833742469727,,0.3699557148310453
18_0nm_02run_1000d.txt,TriMap,2,128,64,0,0,9846,10,1065,0.4410583800144557,0.5957020849517631,8,346,0.403592181919112,0.1148735080625102,0.3578359004575781
18_0nm_02run_1000d.txt,TriMap,2,128,96,0,0,9846,8,782,0.4074860626804002,0.6063895508418037,9,464,0.4832546123611532,0.256851036540242,0.2102808493685989
18_0nm_02run_1000d.txt,TriMap,2,128,128,0,0,9846,9,1086,0.3917678646859933,,9,1273,0.4290238340355873,0.1078855244757218,0.2743611324512862
18_0nm_02run_1000d.txt,TriMap,2,256,128,0,0,9846,8,901,0.3980228163329906,,5,58,0.1274659273913058,,0.316738709143122
18_0nm_02run_1000d.txt,TriMap,2,256,192,0,0,9846,7,1302,0.3494546059734539,,4,76,0.1378539892362787,0.1629461189549005,0.5111442370238374
18_0nm_02run_1000d.txt,TriMap,2,256,256,0,0,9846,6,1612,0.329889956040062,,2,0,0.0906083641973284,-0.6611552967374015,-0.8066846668432646
18_0nm_02run_1000d.txt,TriMap,3,4,2,0,0,9846,789,2571,0.0720499641315358,,836,1560,0.0277210794862051,,0.4058449774217724
18_0nm_02run_1000d.txt,TriMap,3,4,3,0,0,9846,411,2332,0.2743780671925445,,709,1861,0.0284817895731419,,0.4355480442417861
18_0nm_02run_1000d.txt,TriMap,3,4,4,0,0,9846,145,1147,0.4655655527333295,,578,2076,0.0272235511392687,,0.4457700041294763
18_0nm_02run_1000d.txt,TriMap,3,8,4,0,0,9846,95,1297,0.5405610692690069,,380,1599,0.1299034200523545,,0.4512463340882161
18_0nm_02run_1000d.txt,TriMap,3,8,6,0,0,9846,66,1370,0.5588996518137351,,292,1718,0.2263917162815922,,0.5042256789552529
18_0nm_02run_1000d.txt,TriMap,3,8,8,0,0,9846,60,1553,0.5431428467159947,,185,1131,0.4618227751517536,,0.5180739228670149
18_0nm_02run_1000d.txt,TriMap,3,16,8,0,0,9846,35,1351,0.5853612002736471,,105,829,0.5296274790324113,,0.5465774334640904
18_0nm_02run_1000d.txt,TriMap,3,16,12,0,0,9846,32,1410,0.5847377020501513,,86,903,0.5560192812893386,,0.576737976677532
18_0nm_02run_1000d.txt,TriMap,3,16,16,0,0,9846,25,1318,0.4954324983850168,,62,882,0.5802752566154554,,0.5582748730735729
18_0nm_02run_1000d.txt,TriMap,3,32,16,0,0,9846,23,1487,0.5589230544899529,,20,187,0.4908002999549312,0.0592275877518488,0.5332936333105215
18_0nm_02run_1000d.txt,TriMap,3,32,24,0,0,9846,16,1108,0.5118110496539323,,18,177,0.521147546709555,0.0726746587283056,0.4562217289374609
18_0nm_02run_1000d.txt,TriMap,3,32,32,0,0,9846,16,1436,0.4756693999367113,,16,209,0.5072124149988397,0.1963175615554712,0.5454775367430879
18_0nm_02run_1000d.txt,TriMap,3,64,32,0,0,9846,14,1365,0.4910885417753475,,21,468,0.6678724776637939,,0.3639315726034944
18_0nm_02run_1000d.txt,TriMap,3,64,48,0,0,9846,15,1667,0.4527114437321937,,17,572,0.5274391841775717,,0.56839453229942
18_0nm_02run_1000d.txt,TriMap,3,64,64,0,0,9846,16,1922,0.4120873745679902,0.5573466998297045,17,1256,0.487432171494371,,0.5933391821334084
18_0nm_02run_1000d.txt,TriMap,3,128,64,0,0,9846,10,1065,0.4410583800144557,0.5957020849517631,14,481,0.5275719529149243,,0.4430238880440473
18_0nm_02run_1000d.txt,TriMap,3,128,96,0,0,9846,8,782,0.4074860626804002,0.6063895508418037,13,1022,0.4975707683331842,0.1148071841564195,0.375081758075142
18_0nm_02run_1000d.txt,TriMap,3,128,128,0,0,9846,9,1086,0.3917678646859933,,13,1314,0.4679483137742408,0.1904589296168845,0.5510246301959967
18_0nm_02run_1000d.txt,TriMap,3,256,128,0,0,9846,8,901,0.3980228163329906,,10,359,0.4748666453159897,,0.4231342031907447
18_0nm_02run_1000d.txt,TriMap,3,256,192,0,0,9846,7,1302,0.3494546059734539,,10,1114,0.4547886774425546,,0.3865753244342803
18_0nm_02run_1000d.txt,TriMap,3,256,256,0,0,9846,6,1612,0.329889956040062,,5,140,0.2403257253450998,-0.3131523825622078,-0.0773387360047457
18_0nm_02run_1000d.txt,PaCMAP,2,4,2,10,0,9846,789,2571,0.0720499641315358,,890,1508,0.0268809351347178,,0.4005728750804938
18_0nm_02run_1000d.txt,PaCMAP,2,4,3,10,0,9846,411,2332,0.2743780671925445,,750,1866,0.0271862825999494,,0.4197862313895883
18_0nm_02run_1000d.txt,PaCMAP,2,4,4,10,0,9846,145,1147,0.4655655527333295,,581,1946,0.0336092462298299,,0.4460490865626619
18_0nm_02run_1000d.txt,PaCMAP,2,8,4,10,0,9846,95,1297,0.5405610692690069,,380,1559,0.0656353701657192,,0.4090001483995026
18_0nm_02run_1000d.txt,PaCMAP,2,8,6,10,0,9846,66,1370,0.5588996518137351,,339,1741,0.1437287166459695,,0.4343600135319228
18_0nm_02run_1000d.txt,PaCMAP,2,8,8,10,0,9846,60,1553,0.5431428467159947,,266,1832,0.2292645395877295,,0.4983705583028641
18_0nm_02run_1000d.txt,PaCMAP,2,16,8,10,0,9846,35,1351,0.5853612002736471,,155,1378,0.3046376950857332,,0.4372419875226549
18_0nm_02run_1000d.txt,PaCMAP,2,16,12,10,0,9846,32,1410,0.5847377020501513,,115,1297,0.4110320743655417,,0.4533150726867482
18_0nm_02run_1000d.txt,PaCMAP,2,16,16,10,0,9846,25,1318,0.4954324983850168,,101,1428,0.3853656425754894,,0.4850643839737162
18_0nm_02run_1000d.txt,PaCMAP,2,32,16,10,0,9846,23,1487,0.5589230544899529,,24,240,0.5010715624445194,,0.4939407283519732
18_0nm_02run_1000d.txt,PaCMAP,2,32,24,10,0,9846,16,1108,0.5118110496539323,,17,182,0.5092723917291515,,0.4817139431864549
18_0nm_02run_1000d.txt,PaCMAP,2,32,32,10,0,9846,16,1436,0.4756693999367113,,17,263,0.5070189846673289,,0.4750752906896328
18_0nm_02run_1000d.txt,PaCMAP,2,64,32,10,0,9846,14,1365,0.4910885417753475,,13,111,0.511678636886794,,0.4804193410829655
18_0nm_02run_1000d.txt,PaCMAP,2,64,48,10,0,9846,15,1667,0.4527114437321937,,12,47,0.5011985880405674,,0.3063405909776404
18_0nm_02run_1000d.txt,PaCMAP,2,64,64,10,0,9846,16,1922,0.4120873745679902,0.5573466998297045,13,191,0.5078716485659419,,0.4667014521644416
18_0nm_02run_1000d.txt,PaCMAP,2,128,64,10,0,9846,10,1065,0.4410583800144557,0.5957020849517631,12,132,0.5083708641361203,,0.4535963911629078
18_0nm_02run_1000d.txt,PaCMAP,2,128,96,10,0,9846,8,782,0.4074860626804002,0.6063895508418037,12,79,0.505553039301335,-0.115397291255652,0.2522622656764211
18_0nm_02run_1000d.txt,PaCMAP,2,128,128,10,0,9846,9,1086,0.3917678646859933,,10,219,0.4947764387238053,-0.0651604021189352,0.287758216715022
18_0nm_02run_1000d.txt,PaCMAP,2,256,128,10,0,9846,8,901,0.3980228163329906,,10,219,0.4947764387238053,-0.0651604021189352,0.287758216715022
18_0nm_02run_1000d.txt,PaCMAP,2,256,192,10,0,9846,7,1302,0.3494546059734539,,10,602,0.4735167874031373,,0.4601033370157707
18_0nm_02run_1000d.txt,PaCMAP,2,256,256,10,0,9846,6,1612,0.329889956040062,,10,1530,0.4197101677428173,,0.4037720560250369
18_0nm_02run_1000d.txt,PaCMAP,3,4,2,10,0,9846,789,2571,0.0720499641315358,,871,1449,0.0465334654137345,,0.4025987564748025
18_0nm_02run_1000d.txt,PaCMAP,3,4,3,10,0,9846,411,2332,0.2743780671925445,,721,1732,0.0458438694739925,,0.4223768056476102
18_0nm_02run_1000d.txt,PaCMAP,3,4,4,10,0,9846,145,1147,0.4655655527333295,,568,1897,0.0494567023126575,,0.4543873511097936
18_0nm_02run_1000d.txt,PaCMAP,3,8,4,10,0,9846,95,1297,0.5405610692690069,,378,1424,0.1562973408995505,,0.4626191034647999
18_0nm_02run_1000d.txt,PaCMAP,3,8,6,10,0,9846,66,1370,0.5588996518137351,,311,1525,0.2437917107938067,,0.5179894543025297
18_0nm_02run_1000d.txt,PaCMAP,3,8,8,10,0,9846,60,1553,0.5431428467159947,,247,1450,0.3289537452426808,,0.5807061487055928
18_0nm_02run_1000d.txt,PaCMAP,3,16,8,10,0,9846,35,1351,0.5853612002736471,,130,990,0.4395495315047795,,0.5883878203446825
18_0nm_02run_1000d.txt,PaCMAP,3,16,12,10,0,9846,32,1410,0.5847377020501513,,126,1262,0.4157409458313083,,0.5967829242043332
18_0nm_02run_1000d.txt,PaCMAP,3,16,16,10,0,9846,25,1318,0.4954324983850168,,81,1007,0.5390182260845662,,0.6199349798618735
18_0nm_02run_1000d.txt,PaCMAP,3,32,16,10,0,9846,23,1487,0.5589230544899529,,37,404,0.630991916821164,,0.5681042181634105
18_0nm_02run_1000d.txt,PaCMAP,3,32,24,10,0,9846,16,1108,0.5118110496539323,,23,281,0.6717981050457462,,0.6201966342708053
18_0nm_02run_1000d.txt,PaCMAP,3,32,32,10,0,9846,16,1436,0.4756693999367113,,12,9,0.6515429177322748,,0.522333729617072
18_0nm_02run_1000d.txt,PaCMAP,3,64,32,10,0,9846,14,1365,0.4910885417753475,,12,9,0.6515429177322748,,0.522333729617072
18_0nm_02run_1000d.txt,PaCMAP,3,64,48,10,0,9846,15,1667,0.4527114437321937,,13,100,0.6393700853648779,,0.5069743155396853
18_0nm_02run_1000d.txt,PaCMAP,3,64,64,10,0,9846,16,1922,0.4120873745679902,0.5573466998297045,10,10,0.4646418931309727,0.0273181887541168,0.7099824121413139
18_0nm_02run_1000d.txt,PaCMAP,3,128,64,10,0,9846,10,1065,0.4410583800144557,0.5957020849517631,11,11,0.5323745820558298,-0.1059039262017114,0.7249705750819836
18_0nm_02run_1000d.txt,PaCMAP,3,128,96,10,0,9846,8,782,0.4074860626804002,0.6063895508418037,11,26,0.5505615531274752,,0.5750873149007648
18_0nm_02run_1000d.txt,PaCMAP,3,128,128,10,0,9846,9,1086,0.3917678646859933,,11,146,0.5443896432291627,,0.3902535452575759
18_0nm_02run_1000d.txt,PaCMAP,3,256,128,10,0,9846,8,901,0.3980228163329906,,11,146,0.5443896432291627,,0.3902535452575759
18_0nm_02run_1000d.txt,PaCMAP,3,256,192,10,0,9846,7,1302,0.3494546059734539,,10,227,0.5253463644733584,,0.6965093014140055
18_0nm_02run_1000d.txt,PaCMAP,3,256,256,10,0,9846,6,1612,0.329889956040062,,10,304,0.515716190723386,0.2877994019339168,0.6930721885380541
10_0nm_04run_100d.txt,tSNE,2,4,2,0,0,8118,623,1954,0.0954264347574707,0.3247705299039538,739,989,0.0498309085194857,0.2448781742028641,0.3792421225682102
10_0nm_04run_100d.txt,tSNE,2,4,3,0,0,8118,357,2064,0.2694997697175512,0.3835942825567617,488,951,0.267054045591725,0.2070990799788456,0.4412524359945451
10_0nm_04run_100d.txt,tSNE,2,4,4,0,0,8118,51,386,0.5494296970989753,0.5790195193041751,341,1036,0.3268996050695189,0.1869152032017867,0.4695895483157867
10_0nm_04run_100d.txt,tSNE,2,8,4,0,0,8118,41,679,0.6430137732285194,0.4823238135128836,210,779,0.3755312357204398,0.1178487609565978,0.4092148971010022
10_0nm_04run_100d.txt,tSNE,2,8,6,0,0,8118,21,325,0.5776104472248558,0.559490674838057,73,306,0.6676038341280752,0.0122864578469321,0.2726230587639162
10_0nm_04run_100d.txt,tSNE,2,8,8,0,0,8118,30,650,0.5593796825559522,0.5443876922016591,19,0,0.6784984203813852,-0.1905631733061904,0.2135364604337672
10_0nm_04run_100d.txt,tSNE,2,16,8,0,0,8118,18,498,0.5654003228515435,0.551317670546636,18,0,0.6793573687765745,-0.2021361974025265,0.2501453323947054
10_0nm_04run_100d.txt,tSNE,2,16,12,0,0,8118,25,1184,0.5926355822522809,0.5045912841170107,18,7,0.6774327250230536,-0.1175231673512924,0.3267503461100684
10_0nm_04run_100d.txt,tSNE,2,16,16,0,0,8118,19,985,0.5901220687064781,0.4917742032051501,19,7,0.6786628958875411,-0.2024794916212194,0.2495134919707226
10_0nm_04run_100d.txt,tSNE,2,32,16,0,0,8118,19,1184,0.616644441558096,0.4599440590414077,18,0,0.6794143847410107,-0.2077440689698248,0.2501515367704083
10_0nm_04run_100d.txt,tSNE,2,32,24,0,0,8118,11,346,0.540448005421618,0.6380751913698366,15,1,0.6904078340797566,-0.0420496766643481,0.3533322672435147
10_0nm_04run_100d.txt,tSNE,2,32,32,0,0,8118,15,842,0.5400537805095321,0.619180786089735,17,29,0.6833408431276643,-0.1012283279137652,0.3213412681626992
10_0nm_04run_100d.txt,tSNE,2,64,32,0,0,8118,13,626,0.5539744572735197,0.6413780770998009,15,0,0.6717101215861697,-0.1317169374168906,0.3654956368047305
10_0nm_04run_100d.txt,tSNE,2,64,48,0,0,8118,12,765,0.5381737895911881,0.6180433281577362,14,25,0.686192882446464,-0.0321813671003787,0.371405211140481
10_0nm_04run_100d.txt,tSNE,2,64,64,0,0,8118,12,906,0.5210998288480629,0.6639566418171837,14,11,0.686476856382486,-0.0316710821329521,0.3708538512409695
10_0nm_04run_100d.txt,tSNE,2,128,64,0,0,8118,11,896,0.5230584392483844,0.6369398215008998,14,11,0.686476856382486,-0.0316710821329521,0.3708538512409695
10_0nm_04run_100d.txt,tSNE,2,128,96,0,0,8118,10,1219,0.4873265937507465,0.5793502276178782,14,267,0.6639638047593588,0.124052709910962,0.4255445689028501
10_0nm_04run_100d.txt,tSNE,2,128,128,0,0,8118,10,1361,0.4629185146107455,0.604149737605374,15,723,0.6483812773425452,0.2121458744292725,0.4136419453142405
10_0nm_04run_100d.txt,tSNE,2,256,128,0,0,8118,9,1123,0.477097729726895,0.5705087627331561,11,1069,0.5760738273298803,0.3425296537582054,0.3814442891418931
10_0nm_04run_100d.txt,tSNE,2,256,192,0,0,8118,4,429,0.1915924252544152,0.5696370604840578,4,1257,0.0559438470133658,-0.5111293248934957,0.0396903730340178
10_0nm_04run_100d.txt,tSNE,2,256,256,0,0,8118,4,641,0.1892338773275388,0.5442823537784879,2,2818,0.0703960290157486,-0.2044154595094433,0.0179861627093081
10_0nm_04run_100d.txt,tSNE,3,4,2,0,0,8118,623,1954,0.0954264347574707,0.3247705299039538,788,1191,0.026681242109291,0.2792596108157532,0.3638716983384826
10_0nm_04run_100d.txt,tSNE,3,4,3,0,0,8118,357,2064,0.2694997697175512,0.3835942825567617,467,1093,0.3117555953250167,0.2237005226219372,0.4007231373489358
10_0nm_04run_100d.txt,tSNE,3,4,4,0,0,8118,51,386,0.5494296970989753,0.5790195193041751,126,357,0.6288662080317826,0.2482765145064371,0.3556415939124032
10_0nm_04run_100d.txt,tSNE,3,8,4,0,0,8118,41,679,0.6430137732285194,0.4823238135128836,67,217,0.658322564568976,0.2366095670519271,0.349697156647321
10_0nm_04run_100d.txt,tSNE,3,8,6,0,0,8118,21,325,0.5776104472248558,0.559490674838057,13,0,0.6900440688989887,0.1915287675374431,0.2000307298387468
10_0nm_04run_100d.txt,tSNE,3,8,8,0,0,8118,30,650,0.5593796825559522,0.5443876922016591,13,0,0.6900440688989887,0.1915287675374431,0.2000307298387468
10_0nm_04run_100d.txt,tSNE,3,16,8,0,0,8118,18,498,0.5654003228515435,0.551317670546636,13,0,0.6900440688989887,0.1915287675374431,0.2000307298387468
10_0nm_04run_100d.txt,tSNE,3,16,12,0,0,8118,25,1184,0.5926355822522809,0.5045912841170107,13,7,0.6899118600123377,0.1834673885375302,0.193926946707005
10_0nm_04run_100d.txt,tSNE,3,16,16,0,0,8118,19,985,0.5901220687064781,0.4917742032051501,13,19,0.6904473144058426,0.2071614060476148,0.2200704958908559
10_0nm_04run_100d.txt,tSNE,3,32,16,0,0,8118,19,1184,0.616644441558096,0.4599440590414077,13,19,0.6904473144058426,0.2071614060476148,0.2200704958908559
10_0nm_04run_100d.txt,tSNE,3,32,24,0,0,8118,11,346,0.540448005421618,0.6380751913698366,12,18,0.6199005449498123,0.2785671863643865,0.3378396569265096
10_0nm_04run_100d.txt,tSNE,3,32,32,0,0,8118,15,842,0.5400537805095321,0.619180786089735,10,3,0.6142873892966916,0.1753290904113861,0.3645106427053414
10_0nm_04run_100d.txt,tSNE,3,64,32,0,0,8118,13,626,0.5539744572735197,0.6413780770998009,10,3,0.6142873892966916,0.1753290904113861,0.3645106427053414
10_0nm_04run_100d.txt,tSNE,3,64,48,0,0,8118,12,765,0.5381737895911881,0.6180433281577362,11,115,0.598717010734188,0.0588761318477528,0.3189362826427929
10_0nm_04run_100d.txt,tSNE,3,64,64,0,0,8118,12,906,0.5210998288480629,0.6639566418171837,12,193,0.7162979655123514,0.1570590921406055,0.1383605133289002
10_0nm_04run_100d.txt,tSNE,3,128,64,0,0,8118,11,896,0.5230584392483844,0.6369398215008998,12,193,0.7162979655123514,0.1570590921406055,0.1383605133289002
10_0nm_04run_100d.txt,tSNE,3,128,96,0,0,8118,10,1219,0.4873265937507465,0.5793502276178782,11,1025,0.5604257095510773,0.4171567234194592,0.4416052400130439
10_0nm_04run_100d.txt,tSNE,3,128,128,0,0,8118,10,1361,0.4629185146107455,0.604149737605374,2,43,0.0474214864872899,-0.7425888221694007,-0.3500608362733338
10_0nm_04run_100d.txt,tSNE,3,256,128,0,0,8118,9,1123,0.477097729726895,0.5705087627331561,2,43,0.0474214864872899,-0.7425888221694007,-0.3500608362733338
10_0nm_04run_100d.txt,tSNE,3,256,192,0,0,8118,4,429,0.1915924252544152,0.5696370604840578,4,3871,0.104635343661868,-0.1455904413990049,0.0444027588141668
10_0nm_04run_100d.txt,tSNE,3,256,256,0,0,8118,4,641,0.1892338773275388,0.5442823537784879,2,4432,0.0417545527627527,-0.3060662313862788,-0.0370321473297087
10_0nm_04run_100d.txt,UMAP,2,4,2,0,0,8118,623,1954,0.0954264347574707,0.3247705299039538,773,809,0.0328117301222873,0.1137817143729254,0.489615347238784
10_0nm_04run_100d.txt,UMAP,2,4,3,0,0,8118,357,2064,0.2694997697175512,0.3835942825567617,679,1160,0.030102939516777,0.1277774037627103,0.5107249040452315
10_0nm_04run_100d.txt,UMAP,2,4,4,0,0,8118,51,386,0.5494296970989753,0.5790195193041751,562,1273,0.0356491939996569,0.1206663887954424,0.508074213398848
10_0nm_04run_100d.txt,UMAP,2,8,4,0,0,8118,41,679,0.6430137732285194,0.4823238135128836,379,992,0.0596799867361168,0.0442939007941744,0.4636023394572888
10_0nm_04run_100d.txt,UMAP,2,8,6,0,0,8118,21,325,0.5776104472248558,0.559490674838057,358,1282,0.0524111363632104,0.0718810848656276,0.4944033156515146
10_0nm_04run_100d.txt,UMAP,2,8,8,0,0,8118,30,650,0.5593796825559522,0.5443876922016591,319,1588,0.048311756185797,0.1050052997403313,0.4966804968723374
10_0nm_04run_100d.txt,UMAP,2,16,8,0,0,8118,18,498,0.5654003228515435,0.551317670546636,141,770,0.3302459095562982,-0.113438673334172,0.3854492869123466
10_0nm_04run_100d.txt,UMAP,2,16,12,0,0,8118,25,1184,0.5926355822522809,0.5045912841170107,30,77,0.6033030153440215,0.2124771616509924,0.5188646104841012
10_0nm_04run_100d.txt,UMAP,2,16,16,0,0,8118,19,985,0.5901220687064781,0.4917742032051501,23,54,0.6102886428693732,0.2220941296172667,0.6140890335111977
10_0nm_04run_100d.txt,UMAP,2,32,16,0,0,8118,19,1184,0.616644441558096,0.4599440590414077,12,0,0.6363983451635924,0.21040726563637,0.6307995724815185
10_0nm_04run_100d.txt,UMAP,2,32,24,0,0,8118,11,346,0.540448005421618,0.6380751913698366,11,0,0.6211374037842474,0.2742265259988907,0.6726091762877288
10_0nm_04run_100d.txt,UMAP,2,32,32,0,0,8118,15,842,0.5400537805095321,0.619180786089735,11,0,0.6368467034416683,0.2022940231845304,0.5354029830092267
10_0nm_04run_100d.txt,UMAP,2,64,32,0,0,8118,13,626,0.5539744572735197,0.6413780770998009,12,0,0.630210698513412,0.0797308364109672,0.3478040650018041
10_0nm_04run_100d.txt,UMAP,2,64,48,0,0,8118,12,765,0.5381737895911881,0.6180433281577362,10,0,0.625419994410242,0.2667974040876506,0.6722258008414276
10_0nm_04run_100d.txt,UMAP,2,64,64,0,0,8118,12,906,0.5210998288480629,0.6639566418171837,10,11,0.6240154713656797,0.2259600064160042,0.6714943438650709
10_0nm_04run_100d.txt,UMAP,2,128,64,0,0,8118,11,896,0.5230584392483844,0.6369398215008998,10,11,0.6240154713656797,0.2259600064160042,0.6714943438650709
10_0nm_04run_100d.txt,UMAP,2,128,96,0,0,8118,10,1219,0.4873265937507465,0.5793502276178782,10,0,0.625419994410242,0.2667974040876506,0.6722258008414276
10_0nm_04run_100d.txt,UMAP,2,128,128,0,0,8118,10,1361,0.4629185146107455,0.604149737605374,10,33,0.6224194710638086,0.2294869907208425,0.6599151294657675
10_0nm_04run_100d.txt,UMAP,2,256,128,0,0,8118,9,1123,0.477097729726895,0.5705087627331561,10,33,0.6224194710638086,0.2294869907208425,0.6599151294657675
10_0nm_04run_100d.txt,UMAP,2,256,192,0,0,8118,4,429,0.1915924252544152,0.5696370604840578,10,193,0.6138232657090894,0.3173978297617073,0.7098853031057288
10_0nm_04run_100d.txt,UMAP,2,256,256,0,0,8118,4,641,0.1892338773275388,0.5442823537784879,10,664,0.5647787411670435,0.3953512704287698,0.6820416799171332
10_0nm_04run_100d.txt,UMAP,3,4,2,0,0,8118,623,1954,0.0954264347574707,0.3247705299039538,781,914,0.0311015032236929,0.115679087045956,0.477406385644256
10_0nm_04run_100d.txt,UMAP,3,4,3,0,0,8118,357,2064,0.2694997697175512,0.3835942825567617,653,1074,0.0357277639314221,0.1245224065554007,0.5014252877730004
10_0nm_04run_100d.txt,UMAP,3,4,4,0,0,8118,51,386,0.5494296970989753,0.5790195193041751,557,1326,0.0357447903754409,0.1316948032080129,0.5073138828505547
10_0nm_04run_100d.txt,UMAP,3,8,4,0,0,8118,41,679,0.6430137732285194,0.4823238135128836,388,1019,0.056552695798765,0.0698243930653437,0.4733285269530166
10_0nm_04run_100d.txt,UMAP,3,8,6,0,0,8118,21,325,0.5776104472248558,0.559490674838057,343,1244,0.0570670382631195,0.0783022461792211,0.5003280258172865
10_0nm_04run_100d.txt,UMAP,3,8,8,0,0,8118,30,650,0.5593796825559522,0.5443876922016591,304,1502,0.0555466243821545,0.077769153775599,0.4945174156055035
10_0nm_04run_100d.txt,UMAP,3,16,8,0,0,8118,18,498,0.5654003228515435,0.551317670546636,97,386,0.4938982794372004,-0.0593292445815979,0.4706213613134392
10_0nm_04run_100d.txt,UMAP,3,16,12,0,0,8118,25,1184,0.5926355822522809,0.5045912841170107,74,518,0.5411087395118946,0.078114434733614,0.6532213868648498
10_0nm_04run_100d.txt,UMAP,3,16,16,0,0,8118,19,985,0.5901220687064781,0.4917742032051501,23,47,0.6110099646888372,0.2305636070231688,0.7688470861221659
10_0nm_04run_100d.txt,UMAP,3,32,16,0,0,8118,19,1184,0.616644441558096,0.4599440590414077,15,12,0.635719301540873,0.1407651589955633,0.7522245495776493
10_0nm_04run_100d.txt,UMAP,3,32,24,0,0,8118,11,346,0.540448005421618,0.6380751913698366,12,0,0.6325193002909602,0.273489890713866,0.6550734629403516
10_0nm_04run_100d.txt,UMAP,3,32,32,0,0,8118,15,842,0.5400537805095321,0.619180786089735,11,0,0.636591468382726,0.2240545863268002,0.794948329815802
10_0nm_04run_100d.txt,UMAP,3,64,32,0,0,8118,13,626,0.5539744572735197,0.6413780770998009,11,0,0.636591468382726,0.2240545863268002,0.794948329815802
10_0nm_04run_100d.txt,UMAP,3,64,48,0,0,8118,12,765,0.5381737895911881,0.6180433281577362,11,0,0.636591468382726,0.2240545863268002,0.7949483298158019
10_0nm_04run_100d.txt,UMAP,3,64,64,0,0,8118,12,906,0.5210998288480629,0.6639566418171837,11,0,0.636591468382726,0.2240545863268002,0.7949483298158019
10_0nm_04run_100d.txt,UMAP,3,128,64,0,0,8118,11,896,0.5230584392483844,0.6369398215008998,11,0,0.636591468382726,0.2240545863268002,0.7949483298158019
10_0nm_04run_100d.txt,UMAP,3,128,96,0,0,8118,10,1219,0.4873265937507465,0.5793502276178782,11,0,0.636591468382726,0.2240545863268002,0.7949483298158019
10_0nm_04run_100d.txt,UMAP,3,128,128,0,0,8118,10,1361,0.4629185146107455,0.604149737605374,10,0,0.625178933196633,0.2885579672299204,0.7963156131682211
10_0nm_04run_100d.txt,UMAP,3,256,128,0,0,8118,9,1123,0.477097729726895,0.5705087627331561,10,0,0.625178933196633,0.2885579672299204,0.7963156131682211
10_0nm_04run_100d.txt,UMAP,3,256,192,0,0,8118,4,429,0.1915924252544152,0.5696370604840578,10,163,0.6117351164685926,0.3222516558311959,0.7737174714776921
10_0nm_04run_100d.txt,UMAP,3,256,256,0,0,8118,4,641,0.1892338773275388,0.5442823537784879,10,458,0.5875371648325948,0.3706946765672539,0.7701178210795387
10_0nm_04run_100d.txt,TriMap,2,4,2,0,0,8118,623,1954,0.0954264347574707,0.3247705299039538,733,1310,0.0268705009225691,0.0270842771384844,0.3883942529680166
10_0nm_04run_100d.txt,TriMap,2,4,3,0,0,8118,357,2064,0.2694997697175512,0.3835942825567617,613,1641,0.0251273723006645,0.0409983623277559,0.4215811050639831
10_0nm_04run_100d.txt,TriMap,2,4,4,0,0,8118,51,386,0.5494296970989753,0.5790195193041751,475,1866,0.0318680219070512,0.0625395096349832,0.4059137233153881
10_0nm_04run_100d.txt,TriMap,2,8,4,0,0,8118,41,679,0.6430137732285194,0.4823238135128836,335,1433,0.0540317120887881,0.0080002781919506,0.3713626310273885
10_0nm_04run_100d.txt,TriMap,2,8,6,0,0,8118,21,325,0.5776104472248558,0.559490674838057,302,1850,0.0436952020840877,0.0360927934960553,0.4180869390799943
10_0nm_04run_100d.txt,TriMap,2,8,8,0,0,8118,30,650,0.5593796825559522,0.5443876922016591,238,1648,0.179002008585049,0.1560120310932699,0.4281169473069752
10_0nm_04run_100d.txt,TriMap,2,16,8,0,0,8118,18,498,0.5654003228515435,0.551317670546636,87,873,0.3919941974009532,0.2834923449140255,0.3359399237974454
10_0nm_04run_100d.txt,TriMap,2,16,12,0,0,8118,25,1184,0.5926355822522809,0.5045912841170107,29,359,0.4883363451747827,0.2815079934727892,0.1555636248167525
10_0nm_04run_100d.txt,TriMap,2,16,16,0,0,8118,19,985,0.5901220687064781,0.4917742032051501,17,117,0.5074401632973843,0.3909293061974017,0.0817337250934409
10_0nm_04run_100d.txt,TriMap,2,32,16,0,0,8118,19,1184,0.616644441558096,0.4599440590414077,28,635,0.5250791567145476,0.4051582550305042,0.3053872336191511
10_0nm_04run_100d.txt,TriMap,2,32,24,0,0,8118,11,346,0.540448005421618,0.6380751913698366,19,504,0.4718779374493198,0.2745165181344604,0.2339887601593119
10_0nm_04run_100d.txt,TriMap,2,32,32,0,0,8118,15,842,0.5400537805095321,0.619180786089735,13,339,0.5283535438792247,0.2707810848996914,0.1400539758976946
10_0nm_04run_100d.txt,TriMap,2,64,32,0,0,8118,13,626,0.5539744572735197,0.6413780770998009,9,18,0.5290894564435102,0.3713100667078069,0.2469617859669285
10_0nm_04run_100d.txt,TriMap,2,64,48,0,0,8118,12,765,0.5381737895911881,0.6180433281577362,12,280,0.336110649233223,0.0152698194567794,0.0553771382381066
10_0nm_04run_100d.txt,TriMap,2,64,64,0,0,8118,12,906,0.5210998288480629,0.6639566418171837,11,301,0.3756885263752083,-0.064124826373739,0.1164087658694701
10_0nm_04run_100d.txt,TriMap,2,128,64,0,0,8118,11,896,0.5230584392483844,0.6369398215008998,11,165,0.5073051319507124,0.1467516195090399,0.1574943111338763
10_0nm_04run_100d.txt,TriMap,2,128,96,0,0,8118,10,1219,0.4873265937507465,0.5793502276178782,8,333,0.3868428055216329,-0.0254643457984046,-0.0298564453364319
10_0nm_04run_100d.txt,TriMap,2,128,128,0,0,8118,10,1361,0.4629185146107455,0.604149737605374,8,672,0.3654169410447428,-0.0622121984024261,0.115291928108048
10_0nm_04run_100d.txt,TriMap,2,256,128,0,0,8118,9,1123,0.477097729726895,0.5705087627331561,7,463,0.3528847233335168,0.3308987603525385,0.2803523626629858
10_0nm_04run_100d.txt,TriMap,2,256,192,0,0,8118,4,429,0.1915924252544152,0.5696370604840578,2,63,0.1221809784429647,0.2573142408591088,0.181881121268059
10_0nm_04run_100d.txt,TriMap,2,256,256,0,0,8118,4,641,0.1892338773275388,0.5442823537784879,3,871,0.1525187700438885,0.0679295964371484,0.2560033629150273
10_0nm_04run_100d.txt,TriMap,3,4,2,0,0,8118,623,1954,0.0954264347574707,0.3247705299039538,734,1383,0.0265076358370716,0.0757315577519935,0.3830145421487658
10_0nm_04run_100d.txt,TriMap,3,4,3,0,0,8118,357,2064,0.2694997697175512,0.3835942825567617,596,1615,0.0263389778847513,0.086036931558437,0.4180850667914258
10_0nm_04run_100d.txt,TriMap,3,4,4,0,0,8118,51,386,0.5494296970989753,0.5790195193041751,456,1785,0.0465427869716435,0.0860157689067558,0.4192081381501246
10_0nm_04run_100d.txt,TriMap,3,8,4,0,0,8118,41,679,0.6430137732285194,0.4823238135128836,330,1374,0.0587349905099373,0.0363149866456797,0.4061346380279274
10_0nm_04run_100d.txt,TriMap,3,8,6,0,0,8118,21,325,0.5776104472248558,0.559490674838057,184,955,0.3850799341593132,0.1490112790007806,0.4057523755797229
10_0nm_04run_100d.txt,TriMap,3,8,8,0,0,8118,30,650,0.5593796825559522,0.5443876922016591,96,507,0.5649282236463757,0.3234175910119559,0.4388311972008516
10_0nm_04run_100d.txt,TriMap,3,16,8,0,0,8118,18,498,0.5654003228515435,0.551317670546636,66,498,0.5546734812145022,0.2293521784928222,0.4649377796254237
10_0nm_04run_100d.txt,TriMap,3,16,12,0,0,8118,25,1184,0.5926355822522809,0.5045912841170107,17,50,0.6734177930312228,0.2849134101376762,0.4613949434261887
10_0nm_04run_100d.txt,TriMap,3,16,16,0,0,8118,19,985,0.5901220687064781,0.4917742032051501,16,97,0.6749934287950942,0.3057125953986511,0.5439594981449029
10_0nm_04run_100d.txt,TriMap,3,32,16,0,0,8118,19,1184,0.616644441558096,0.4599440590414077,15,39,0.6573767603826424,0.242466103491501,0.3924660804445868
10_0nm_04run_100d.txt,TriMap,3,32,24,0,0,8118,11,346,0.540448005421618,0.6380751913698366,13,39,0.6772791048104144,0.2598016939059721,0.5093454912449329
10_0nm_04run_100d.txt,TriMap,3,32,32,0,0,8118,15,842,0.5400537805095321,0.619180786089735,12,47,0.686994130534042,0.2018182843090822,0.5389630469229373
10_0nm_04run_100d.txt,TriMap,3,64,32,0,0,8118,13,626,0.5539744572735197,0.6413780770998009,12,104,0.6757410105544259,0.3008869585475564,0.4611490755615186
10_0nm_04run_100d.txt,TriMap,3,64,48,0,0,8118,12,765,0.5381737895911881,0.6180433281577362,15,225,0.6815778955545208,0.0591193855055274,0.2263443058769074
10_0nm_04run_100d.txt,TriMap,3,64,64,0,0,8118,12,906,0.5210998288480629,0.6639566418171837,15,592,0.5979168549732322,0.345571531526157,0.5895271516636769
10_0nm_04run_100d.txt,TriMap,3,128,64,0,0,8118,11,896,0.5230584392483844,0.6369398215008998,11,88,0.6873018229700427,0.2933219839211536,0.553109041547895
10_0nm_04run_100d.txt,TriMap,3,128,96,0,0,8118,10,1219,0.4873265937507465,0.5793502276178782,10,92,0.6458316848848655,-0.1493185022649757,-0.0236689201737423
10_0nm_04run_100d.txt,TriMap,3,128,128,0,0,8118,10,1361,0.4629185146107455,0.604149737605374,11,468,0.6569591577527464,-0.0518226320729245,0.0055138231697439
10_0nm_04run_100d.txt,TriMap,3,256,128,0,0,8118,9,1123,0.477097729726895,0.5705087627331561,10,604,0.5980947153332531,0.3003021492645823,0.4822522452706401
10_0nm_04run_100d.txt,TriMap,3,256,192,0,0,8118,4,429,0.1915924252544152,0.5696370604840578,7,1611,0.4105237501316315,0.2611242564980326,0.3341454962284294
10_0nm_04run_100d.txt,TriMap,3,256,256,0,0,8118,4,641,0.1892338773275388,0.5442823537784879,6,1844,0.2221169599147158,0.2484209470771187,0.4556458523424574
10_0nm_04run_100d.txt,PaCMAP,2,4,2,10,0,8118,623,1954,0.0954264347574707,0.3247705299039538,771,1358,0.0225763716767143,0.0523144395140859,0.4084003290867369
10_0nm_04run_100d.txt,PaCMAP,2,4,3,10,0,8118,357,2064,0.2694997697175512,0.3835942825567617,622,1545,0.0276118032603077,0.0505592419099899,0.4285415832779261
10_0nm_04run_100d.txt,PaCMAP,2,4,4,10,0,8118,51,386,0.5494296970989753,0.5790195193041751,471,1687,0.1201870397733379,0.0893763045400501,0.4679064821179773
10_0nm_04run_100d.txt,PaCMAP,2,8,4,10,0,8118,41,679,0.6430137732285194,0.4823238135128836,334,1344,0.0666949534399704,0.0032944520162847,0.4012380956095916
10_0nm_04run_100d.txt,PaCMAP,2,8,6,10,0,8118,21,325,0.5776104472248558,0.559490674838057,282,1619,0.1472006410191487,0.0814335640672345,0.4579413003360724
10_0nm_04run_100d.txt,PaCMAP,2,8,8,10,0,8118,30,650,0.5593796825559522,0.5443876922016591,247,1845,0.1319660541870131,0.0970951307681983,0.4384349355540072
10_0nm_04run_100d.txt,PaCMAP,2,16,8,10,0,8118,18,498,0.5654003228515435,0.551317670546636,115,1200,0.3923809747145739,0.1113827392737166,0.4395210330746961
10_0nm_04run_100d.txt,PaCMAP,2,16,12,10,0,8118,25,1184,0.5926355822522809,0.5045912841170107,59,835,0.5206407289759362,0.2066665537759426,0.4108350748692664
10_0nm_04run_100d.txt,PaCMAP,2,16,16,10,0,8118,19,985,0.5901220687064781,0.4917742032051501,8,0,0.5141269130776059,0.2975522853864347,0.4329378960594439
10_0nm_04run_100d.txt,PaCMAP,2,32,16,10,0,8118,19,1184,0.616644441558096,0.4599440590414077,8,0,0.5141269130776059,0.2975522853864347,0.4329378960594439
10_0nm_04run_100d.txt,PaCMAP,2,32,24,10,0,8118,11,346,0.540448005421618,0.6380751913698366,8,0,0.5141269130776059,0.2975522853864347,0.4329378960594439
10_0nm_04run_100d.txt,PaCMAP,2,32,32,10,0,8118,15,842,0.5400537805095321,0.619180786089735,8,0,0.5141269130776059,0.2975522853864347,0.4329378960594439
10_0nm_04run_100d.txt,PaCMAP,2,64,32,10,0,8118,13,626,0.5539744572735197,0.6413780770998009,8,0,0.5141269130776059,0.2975522853864347,0.4329378960594439
10_0nm_04run_100d.txt,PaCMAP,2,64,48,10,0,8118,12,765,0.5381737895911881,0.6180433281577362,9,10,0.5738812742582124,-0.0077812838813216,0.184674203398077
10_0nm_04run_100d.txt,PaCMAP,2,64,64,10,0,8118,12,906,0.5210998288480629,0.6639566418171837,9,14,0.5176472715732325,0.193149086459637,0.2650637701057111
10_0nm_04run_100d.txt,PaCMAP,2,128,64,10,0,8118,11,896,0.5230584392483844,0.6369398215008998,9,14,0.5176472715732325,0.193149086459637,0.2650637701057111
10_0nm_04run_100d.txt,PaCMAP,2,128,96,10,0,8118,10,1219,0.4873265937507465,0.5793502276178782,9,97,0.5860271883375335,0.1177329711948033,0.1962603117892943
10_0nm_04run_100d.txt,PaCMAP,2,128,128,10,0,8118,10,1361,0.4629185146107455,0.604149737605374,7,0,0.4768176154964881,0.3138757297173535,0.4116388437089903
10_0nm_04run_100d.txt,PaCMAP,2,256,128,10,0,8118,9,1123,0.477097729726895,0.5705087627331561,8,148,0.5050554415857837,0.3341937841879755,0.4577837936046679
10_0nm_04run_100d.txt,PaCMAP,2,256,192,10,0,8118,4,429,0.1915924252544152,0.5696370604840578,9,751,0.5215357079202396,0.0260015038754425,0.2860151500234301
10_0nm_04run_100d.txt,PaCMAP,2,256,256,10,0,8118,4,641,0.1892338773275388,0.5442823537784879,8,1320,0.4347636738032903,0.4697315104524945,0.4999591244671471
10_0nm_04run_100d.txt,PaCMAP,3,4,2,10,0,8118,623,1954,0.0954264347574707,0.3247705299039538,753,1311,0.0245868508659269,0.0552380879755705,0.4125026774707877
10_0nm_04run_100d.txt,PaCMAP,3,4,3,10,0,8118,357,2064,0.2694997697175512,0.3835942825567617,627,1539,0.0274991259843881,0.0683766351783747,0.4397740045504412
10_0nm_04run_100d.txt,PaCMAP,3,4,4,10,0,8118,51,386,0.5494296970989753,0.5790195193041751,495,1771,0.030014350303523,0.0561957077239844,0.4504965700291282
10_0nm_04run_100d.txt,PaCMAP,3,8,4,10,0,8118,41,679,0.6430137732285194,0.4823238135128836,349,1474,0.0472335033500817,0.0270254650739032,0.4140488218049094
10_0nm_04run_100d.txt,PaCMAP,3,8,6,10,0,8118,21,325,0.5776104472248558,0.559490674838057,280,1552,0.1437979535459013,0.1001309282125713,0.4605256009092986
10_0nm_04run_100d.txt,PaCMAP,3,8,8,10,0,8118,30,650,0.5593796825559522,0.5443876922016591,241,1749,0.1374362074247543,0.1283431043604882,0.4856267223786383
10_0nm_04run_100d.txt,PaCMAP,3,16,8,10,0,8118,18,498,0.5654003228515435,0.551317670546636,90,791,0.4605552454377398,0.1692111718234837,0.5877684980620543
10_0nm_04run_100d.txt,PaCMAP,3,16,12,10,0,8118,25,1184,0.5926355822522809,0.5045912841170107,59,832,0.5610483631385347,0.2194928549506244,0.6353821689484338
10_0nm_04run_100d.txt,PaCMAP,3,16,16,10,0,8118,19,985,0.5901220687064781,0.4917742032051501,29,453,0.5795297844325782,0.3111652481332373,0.5889976145006501
10_0nm_04run_100d.txt,PaCMAP,3,32,16,10,0,8118,19,1184,0.616644441558096,0.4599440590414077,19,243,0.6103849126604024,0.1475577649277329,0.7125859075646778
10_0nm_04run_100d.txt,PaCMAP,3,32,24,10,0,8118,11,346,0.540448005421618,0.6380751913698366,11,17,0.6301186762564609,0.2314723991510245,0.655952242238977
10_0nm_04run_100d.txt,PaCMAP,3,32,32,10,0,8118,15,842,0.5400537805095321,0.619180786089735,8,0,0.4414871968847315,0.1215114041603394,0.7430597205504712
10_0nm_04run_100d.txt,PaCMAP,3,64,32,10,0,8118,13,626,0.5539744572735197,0.6413780770998009,8,0,0.4414871968847315,0.1215114041603394,0.7430597205504712
10_0nm_04run_100d.txt,PaCMAP,3,64,48,10,0,8118,12,765,0.5381737895911881,0.6180433281577362,10,43,0.5047859488359379,0.1547431655027005,0.5273266289763229
10_0nm_04run_100d.txt,PaCMAP,3,64,64,10,0,8118,12,906,0.5210998288480629,0.6639566418171837,9,0,0.5168385668542722,-0.1060346725403513,0.298717052298318
10_0nm_04run_100d.txt,PaCMAP,3,128,64,10,0,8118,11,896,0.5230584392483844,0.6369398215008998,9,0,0.5168385668542722,-0.1060346725403513,0.298717052298318
10_0nm_04run_100d.txt,PaCMAP,3,128,96,10,0,8118,10,1219,0.4873265937507465,0.5793502276178782,11,222,0.6696386723304634,0.1083534179648769,0.4180982450683919
10_0nm_04run_100d.txt,PaCMAP,3,128,128,10,0,8118,10,1361,0.4629185146107455,0.604149737605374,8,25,0.4430829134420397,0.1217586324448286,0.741919064863823
10_0nm_04run_100d.txt,PaCMAP,3,256,128,10,0,8118,9,1123,0.477097729726895,0.5705087627331561,9,278,0.5755692652975725,0.2193080729299657,0.5950055549805017
10_0nm_04run_100d.txt,PaCMAP,3,256,192,10,0,8118,4,429,0.1915924252544152,0.5696370604840578,7,46,0.3682440257089726,0.2670354618653601,0.7016990289028386
10_0nm_04run_100d.txt,PaCMAP,3,256,256,10,0,8118,4,641,0.1892338773275388,0.5442823537784879,7,222,0.3559663312242393,0.2579728530682915,0.6914167160004143
13_0nm_02run_250d.txt,tSNE,2,4,2,0,0,6142,439,1502,0.1615865641508792,0.3978170302637949,522,682,0.0406392023808152,0.2218532255064305,0.3370282230403703
13_0nm_02run_250d.txt,tSNE,2,4,3,0,0,6142,253,1426,0.3903321212370042,0.4452917600216067,353,773,0.349052014694384,0.2911068574338595,0.4322468974831502
13_0nm_02run_250d.txt,tSNE,2,4,4,0,0,6142,95,949,0.6189262723687263,0.5125204489393429,243,745,0.4093682854509083,0.2790394131901322,0.466386164628527
13_0nm_02run_250d.txt,tSNE,2,8,4,0,0,6142,45,707,0.6926004132263618,0.4497526581471683,88,319,0.6831443486026525,0.1876274995908868,0.3907493356232284
13_0nm_02run_250d.txt,tSNE,2,8,6,0,0,6142,39,903,0.6034817807274591,0.5288540752647004,51,239,0.7576082553163188,0.2318720287937673,0.3994759866995651
13_0nm_02run_250d.txt,tSNE,2,8,8,0,0,6142,10,173,0.3974779217472589,0.592721682014186,9,0,0.6816474226301341,0.288950047654851,0.3233510553218018
13_0nm_02run_250d.txt,tSNE,2,16,8,0,0,6142,24,850,0.6596859407495237,0.5372531105817128,9,0,0.6816474226301341,0.288950047654851,0.3233510553218018
13_0nm_02run_250d.txt,tSNE,2,16,12,0,0,6142,23,1115,0.6128633645559279,0.5616424260965032,9,0,0.6816474226301341,0.288950047654851,0.3233510553218018
13_0nm_02run_250d.txt,tSNE,2,16,16,0,0,6142,22,1235,0.5776667615788545,0.5502146870660186,9,0,0.6816474226301341,0.288950047654851,0.3233510553218018
13_0nm_02run_250d.txt,tSNE,2,32,16,0,0,6142,15,991,0.6472073125639639,0.5773764933507155,9,0,0.6816474226301341,0.288950047654851,0.3233510553218018
13_0nm_02run_250d.txt,tSNE,2,32,24,0,0,6142,15,1052,0.6182134047020995,0.5724150977379464,9,0,0.6816474226301341,0.288950047654851,0.3233510553218018
13_0nm_02run_250d.txt,tSNE,2,32,32,0,0,6142,16,1266,0.5728916495005718,0.566134432502482,9,0,0.6816474226301341,0.288950047654851,0.3233510553218018
13_0nm_02run_250d.txt,tSNE,2,64,32,0,0,6142,13,996,0.610252988502153,0.5827010540213925,9,0,0.6816474226301341,0.288950047654851,0.3233510553218018
13_0nm_02run_250d.txt,tSNE,2,64,48,0,0,6142,12,891,0.5948829136158923,0.6163853102804868,9,0,0.6816474226301341,0.288950047654851,0.3233510553218018
13_0nm_02run_250d.txt,tSNE,2,64,64,0,0,6142,12,1243,0.4878140780381172,0.6092429592701288,9,44,0.6850019868891064,0.2939373189226108,0.3039647170131394
13_0nm_02run_250d.txt,tSNE,2,256,256,0,0,6142,5,375,0.3558984528600324,0.6786667527136647,2,747,0.0364203473517249,-0.6265866162762127,-0.0205994313426967
13_0nm_02run_250d.txt,tSNE,3,4,2,0,0,6142,439,1502,0.1615865641508792,0.3978170302637949,495,738,0.2123281199101978,0.3481148901153018,0.390950717702594
13_0nm_02run_250d.txt,tSNE,3,4,3,0,0,6142,253,1426,0.3903321212370042,0.4452917600216067,314,773,0.4263843493893661,0.3380168287566391,0.4254382400623155
13_0nm_02run_250d.txt,tSNE,3,4,4,0,0,6142,95,949,0.6189262723687263,0.5125204489393429,41,131,0.4833000818118622,0.2127193670101797,0.4235757946866801
13_0nm_02run_250d.txt,tSNE,3,8,4,0,0,6142,45,707,0.6926004132263618,0.4497526581471683,8,0,0.5261939617626542,0.2468690137144297,0.4311602617848285
13_0nm_02run_250d.txt,tSNE,3,8,6,0,0,6142,39,903,0.6034817807274591,0.5288540752647004,8,0,0.5261939617626542,0.2468690137144297,0.4311602617848286
13_0nm_02run_250d.txt,tSNE,3,8,8,0,0,6142,10,173,0.3974779217472589,0.592721682014186,8,0,0.5261939617626542,0.2468690137144297,0.4311602617848285
13_0nm_02run_250d.txt,tSNE,3,16,8,0,0,6142,24,850,0.6596859407495237,0.5372531105817128,8,0,0.5261939617626542,0.2468690137144297,0.4311602617848285
13_0nm_02run_250d.txt,tSNE,3,16,12,0,0,6142,23,1115,0.6128633645559279,0.5616424260965032,8,0,0.5261939617626542,0.2468690137144297,0.4311602617848285
13_0nm_02run_250d.txt,tSNE,3,16,16,0,0,6142,22,1235,0.5776667615788545,0.5502146870660186,8,0,0.5261939617626542,0.2468690137144297,0.4311602617848285
13_0nm_02run_250d.txt,tSNE,3,32,16,0,0,6142,15,991,0.6472073125639639,0.5773764933507155,8,0,0.5261939617626542,0.2468690137144297,0.4311602617848285
13_0nm_02run_250d.txt,tSNE,3,32,24,0,0,6142,15,1052,0.6182134047020995,0.5724150977379464,8,0,0.5261939617626542,0.2468690137144297,0.4311602617848286
13_0nm_02run_250d.txt,tSNE,3,32,32,0,0,6142,16,1266,0.5728916495005718,0.566134432502482,8,0,0.5261939617626542,0.2468690137144297,0.4311602617848285
13_0nm_02run_250d.txt,tSNE,3,64,32,0,0,6142,13,996,0.610252988502153,0.5827010540213925,8,0,0.5261939617626542,0.2468690137144297,0.4311602617848285
13_0nm_02run_250d.txt,tSNE,3,64,48,0,0,6142,12,891,0.5948829136158923,0.6163853102804868,8,9,0.5247226136183376,0.2458736171664104,0.4357022490109583
13_0nm_02run_250d.txt,tSNE,3,64,64,0,0,6142,12,1243,0.4878140780381172,0.6092429592701288,8,62,0.5179030443881547,0.2921275220606679,0.4363718089017598
13_0nm_02run_250d.txt,tSNE,3,128,64,0,0,6142,11,959,0.5163779505610163,0.6059991979089825,8,62,0.5179030443881547,0.2921275220606679,0.4363718089017598
13_0nm_02run_250d.txt,tSNE,3,128,96,0,0,6142,10,933,0.512977967769866,0.6426818809687648,8,382,0.4827636503795752,0.3470522738952101,0.4044495436746304
13_0nm_02run_250d.txt,tSNE,3,128,128,0,0,6142,10,1089,0.4906392107334104,0.6353304733826045,5,719,0.3269891733212134,-0.0752282586015564,0.2806607908722774
13_0nm_02run_250d.txt,tSNE,3,256,128,0,0,6142,6,428,0.3673773792492992,0.6950608676826103,4,651,0.3241609298639133,-0.1010554100330247,0.2284518273433969
13_0nm_02run_250d.txt,tSNE,3,256,192,0,0,6142,5,278,0.3632021196008992,0.6733845310719552,2,2494,0.0479749361558773,-0.4003696793212108,0.111055144759441
13_0nm_02run_250d.txt,tSNE,3,256,256,0,0,6142,5,375,0.3558984528600324,0.6786667527136647,2,4398,0.0534485179731932,0.1184901516652969,0.0881950629165704
13_0nm_02run_250d.txt,UMAP,2,4,2,0,0,6142,439,1502,0.1615865641508792,0.3978170302637949,581,671,0.0308730337373224,0.0846930844936918,0.4683586613322532
13_0nm_02run_250d.txt,UMAP,2,4,3,0,0,6142,253,1426,0.3903321212370042,0.4452917600216067,515,871,0.0295491963141113,0.1124708335074648,0.4777017687856335
13_0nm_02run_250d.txt,UMAP,2,4,4,0,0,6142,95,949,0.6189262723687263,0.5125204489393429,421,947,0.0362459880970819,0.1034081318341463,0.4834612970057458
13_0nm_02run_250d.txt,UMAP,2,8,4,0,0,6142,45,707,0.6926004132263618,0.4497526581471683,289,693,0.0592813842251382,0.0197440688766088,0.434240436305347
13_0nm_02run_250d.txt,UMAP,2,8,6,0,0,6142,39,903,0.6034817807274591,0.5288540752647004,267,905,0.0579583797845575,0.0359412581946204,0.4772457065417805
13_0nm_02run_250d.txt,UMAP,2,8,8,0,0,6142,10,173,0.3974779217472589,0.592721682014186,207,1021,0.1764499215712793,0.0751391108844017,0.5050196164507504
13_0nm_02run_250d.txt,UMAP,2,16,8,0,0,6142,24,850,0.6596859407495237,0.5372531105817128,60,307,0.6957423183019833,0.1588884518931287,0.6158330486629358
13_0nm_02run_250d.txt,UMAP,2,16,12,0,0,6142,23,1115,0.6128633645559279,0.5616424260965032,48,306,0.7346677896782015,0.2233942850377132,0.6578782641041455
13_0nm_02run_250d.txt,UMAP,2,16,16,0,0,6142,22,1235,0.5776667615788545,0.5502146870660186,11,0,0.66737162607347,0.0129964140231501,0.4469062478807304
13_0nm_02run_250d.txt,UMAP,2,32,16,0,0,6142,15,991,0.6472073125639639,0.5773764933507155,11,0,0.66737162607347,0.0129964140231501,0.4469062478807304
13_0nm_02run_250d.txt,UMAP,2,32,24,0,0,6142,15,1052,0.6182134047020995,0.5724150977379464,10,0,0.6610297090498859,0.203508034474452,0.5820416752500462
13_0nm_02run_250d.txt,UMAP,2,32,32,0,0,6142,16,1266,0.5728916495005718,0.566134432502482,11,0,0.6464123559822336,0.1523380659586238,0.5003371669353985
13_0nm_02run_250d.txt,UMAP,2,64,32,0,0,6142,13,996,0.610252988502153,0.5827010540213925,11,0,0.6464123559822336,0.1523380659586238,0.5003371669353985
13_0nm_02run_250d.txt,UMAP,2,64,48,0,0,6142,12,891,0.5948829136158923,0.6163853102804868,12,31,0.6475815474921066,0.0122373758694156,0.3801475196528534
13_0nm_02run_250d.txt,UMAP,2,64,64,0,0,6142,12,1243,0.4878140780381172,0.6092429592701288,8,0,0.5261939617626542,0.2468690137144297,0.7017316116931469
13_0nm_02run_250d.txt,UMAP,2,128,64,0,0,6142,11,959,0.5163779505610163,0.6059991979089825,8,0,0.5261939617626542,0.2468690137144297,0.7017316116931469
13_0nm_02run_250d.txt,UMAP,2,128,96,0,0,6142,10,933,0.512977967769866,0.6426818809687648,8,0,0.5261939617626542,0.2468690137144297,0.7017316116931469
13_0nm_02run_250d.txt,UMAP,2,128,128,0,0,6142,10,1089,0.4906392107334104,0.6353304733826045,8,0,0.5261939617626542,0.2468690137144297,0.7017316116931469
13_0nm_02run_250d.txt,UMAP,2,256,128,0,0,6142,6,428,0.3673773792492992,0.6950608676826103,8,0,0.5261939617626542,0.2468690137144297,0.7017316116931469
13_0nm_02run_250d.txt,UMAP,2,256,192,0,0,6142,5,278,0.3632021196008992,0.6733845310719552,8,164,0.5150400728889951,0.3006975843550781,0.6967217030389807
13_0nm_02run_250d.txt,UMAP,2,256,256,0,0,6142,5,375,0.3558984528600324,0.6786667527136647,7,423,0.4751394089695721,0.2055907965218874,0.6078684664216639
13_0nm_02run_250d.txt,UMAP,3,4,2,0,0,6142,439,1502,0.1615865641508792,0.3978170302637949,593,731,0.0282880208283393,0.1100032456078229,0.464776779653307
13_0nm_02run_250d.txt,UMAP,3,4,3,0,0,6142,253,1426,0.3903321212370042,0.4452917600216067,510,911,0.0299058530061973,0.1149996846016485,0.4882909625335861
13_0nm_02run_250d.txt,UMAP,3,4,4,0,0,6142,95,949,0.6189262723687263,0.5125204489393429,402,898,0.0398871623492305,0.0948564242110798,0.513564792659051
13_0nm_02run_250d.txt,UMAP,3,8,4,0,0,6142,45,707,0.6926004132263618,0.4497526581471683,300,739,0.0566591387650585,0.0279836539450708,0.482020510636112
13_0nm_02run_250d.txt,UMAP,3,8,6,0,0,6142,39,903,0.6034817807274591,0.5288540752647004,263,885,0.0599590471807568,0.0528345399252245,0.5086532269716667
13_0nm_02run_250d.txt,UMAP,3,8,8,0,0,6142,10,173,0.3974779217472589,0.592721682014186,184,888,0.3036787932445556,0.1034498931771562,0.5842341742732178
13_0nm_02run_250d.txt,UMAP,3,16,8,0,0,6142,24,850,0.6596859407495237,0.5372531105817128,56,242,0.7246866421470122,0.2239062647505811,0.7249516092940671
13_0nm_02run_250d.txt,UMAP,3,16,12,0,0,6142,23,1115,0.6128633645559279,0.5616424260965032,25,63,0.731676462802119,0.1964178815310407,0.7128222570359087
13_0nm_02run_250d.txt,UMAP,3,16,16,0,0,6142,22,1235,0.5776667615788545,0.5502146870660186,33,282,0.7374415109225906,0.2111519048146438,0.7146661287729883
13_0nm_02run_250d.txt,UMAP,3,32,16,0,0,6142,15,991,0.6472073125639639,0.5773764933507155,14,16,0.7470774819964184,0.1199627746984073,0.6962805250924894
13_0nm_02run_250d.txt,UMAP,3,32,24,0,0,6142,15,1052,0.6182134047020995,0.5724150977379464,15,24,0.7503273966554221,0.1460156962800327,0.6354903084572817
13_0nm_02run_250d.txt,UMAP,3,32,32,0,0,6142,16,1266,0.5728916495005718,0.566134432502482,12,10,0.7746760332290775,0.2292806111771933,0.6898008980079947
13_0nm_02run_250d.txt,UMAP,3,64,32,0,0,6142,13,996,0.610252988502153,0.5827010540213925,12,10,0.7746760332290775,0.2292806111771933,0.6898008980079947
13_0nm_02run_250d.txt,UMAP,3,64,48,0,0,6142,12,891,0.5948829136158923,0.6163853102804868,11,25,0.7684553473393313,0.2039073310356674,0.740616074473412
13_0nm_02run_250d.txt,UMAP,3,64,64,0,0,6142,12,1243,0.4878140780381172,0.6092429592701288,9,0,0.6816474226301341,0.288950047654851,0.7799817089485006
13_0nm_02run_250d.txt,UMAP,3,128,64,0,0,6142,11,959,0.5163779505610163,0.6059991979089825,9,0,0.6816474226301341,0.288950047654851,0.7799817089485006
13_0nm_02run_250d.txt,UMAP,3,128,96,0,0,6142,10,933,0.512977967769866,0.6426818809687648,8,0,0.5261939617626542,0.2468690137144297,0.7715695693736481
13_0nm_02run_250d.txt,UMAP,3,128,128,0,0,6142,10,1089,0.4906392107334104,0.6353304733826045,8,0,0.5261939617626542,0.2468690137144297,0.7715695693736481
13_0nm_02run_250d.txt,UMAP,3,256,128,0,0,6142,6,428,0.3673773792492992,0.6950608676826103,8,0,0.5261939617626542,0.2468690137144297,0.7715695693736481
13_0nm_02run_250d.txt,UMAP,3,256,192,0,0,6142,5,278,0.3632021196008992,0.6733845310719552,8,74,0.5311078875870404,0.3256023440299358,0.7730384455170134
13_0nm_02run_250d.txt,UMAP,3,256,256,0,0,6142,5,375,0.3558984528600324,0.6786667527136647,8,309,0.5315714759613354,0.3452695402036054,0.7707823046790276
13_0nm_02run_250d.txt,TriMap,2,4,2,0,0,6142,439,1502,0.1615865641508792,0.3978170302637949,545,1037,0.0256006028584542,-0.0191371390667021,0.3930779505626736
13_0nm_02run_250d.txt,TriMap,2,4,3,0,0,6142,253,1426,0.3903321212370042,0.4452917600216067,433,1222,0.0286017764212957,0.0297415627095906,0.4132401363755915
13_0nm_02run_250d.txt,TriMap,2,4,4,0,0,6142,95,949,0.6189262723687263,0.5125204489393429,341,1204,0.0477820868660429,0.0179693062742212,0.4297776823453766
13_0nm_02run_250d.txt,TriMap,2,8,4,0,0,6142,45,707,0.6926004132263618,0.4497526581471683,238,1008,0.1203269822616467,0.0580758719630276,0.4288394411939287
13_0nm_02run_250d.txt,TriMap,2,8,6,0,0,6142,39,903,0.6034817807274591,0.5288540752647004,157,896,0.33302332197154,0.1487307308495856,0.378070493597711
13_0nm_02run_250d.txt,TriMap,2,8,8,0,0,6142,10,173,0.3974779217472589,0.592721682014186,163,1166,0.2470450982569623,0.1191288435477835,0.3976604043645421
13_0nm_02run_250d.txt,TriMap,2,16,8,0,0,6142,24,850,0.6596859407495237,0.5372531105817128,76,734,0.5182438871732354,0.1367851488197108,0.3726762930291459
13_0nm_02run_250d.txt,TriMap,2,16,12,0,0,6142,23,1115,0.6128633645559279,0.5616424260965032,58,765,0.5486614599908141,0.2764999569836119,0.424205170159356
13_0nm_02run_250d.txt,TriMap,2,16,16,0,0,6142,22,1235,0.5776667615788545,0.5502146870660186,8,4,0.479752664183197,0.1764710727807286,0.1495963945674562
13_0nm_02run_250d.txt,TriMap,2,32,16,0,0,6142,15,991,0.6472073125639639,0.5773764933507155,9,69,0.4989824152873569,0.0761308602629419,0.2774046895552282
13_0nm_02run_250d.txt,TriMap,2,32,24,0,0,6142,15,1052,0.6182134047020995,0.5724150977379464,8,16,0.4784235393416949,0.2409555439127567,0.2246776915321097
13_0nm_02run_250d.txt,TriMap,2,32,32,0,0,6142,16,1266,0.5728916495005718,0.566134432502482,10,92,0.4906486102827541,0.0831273036876789,0.1738611847520616
13_0nm_02run_250d.txt,TriMap,2,64,32,0,0,6142,13,996,0.610252988502153,0.5827010540213925,14,403,0.6607874160078255,0.3824764567141145,0.4001522862583452
13_0nm_02run_250d.txt,TriMap,2,64,48,0,0,6142,12,891,0.5948829136158923,0.6163853102804868,5,0,0.2357564706056088,0.6976212827408138,0.6960361660139327
13_0nm_02run_250d.txt,TriMap,2,64,64,0,0,6142,12,1243,0.4878140780381172,0.6092429592701288,8,89,0.2214361257935682,0.58402496020118,0.6456428785966188
13_0nm_02run_250d.txt,TriMap,2,128,64,0,0,6142,11,959,0.5163779505610163,0.6059991979089825,8,59,0.4791473218095623,0.1485235166724378,0.2217886573285924
13_0nm_02run_250d.txt,TriMap,2,128,96,0,0,6142,10,933,0.512977967769866,0.6426818809687648,6,0,0.3940458869550468,-0.0935251944660136,-0.1639090192650361
13_0nm_02run_250d.txt,TriMap,2,128,128,0,0,6142,10,1089,0.4906392107334104,0.6353304733826045,6,351,0.2273458329438029,0.6806658099872165,0.7002333550754749
13_0nm_02run_250d.txt,TriMap,2,256,128,0,0,6142,6,428,0.3673773792492992,0.6950608676826103,5,0,0.2357564706056088,0.6976212827408139,0.6515499601469413
13_0nm_02run_250d.txt,TriMap,2,256,192,0,0,6142,5,278,0.3632021196008992,0.6733845310719552,5,209,0.2174168321847092,0.641752606513268,0.7019518427930905
13_0nm_02run_250d.txt,TriMap,2,256,256,0,0,6142,5,375,0.3558984528600324,0.6786667527136647,3,201,0.1967147270512531,0.625080530521783,0.6294831147887464
13_0nm_02run_250d.txt,TriMap,3,4,2,0,0,6142,439,1502,0.1615865641508792,0.3978170302637949,531,1030,0.0279157729700386,0.0488742695750769,0.3962215435213563
13_0nm_02run_250d.txt,TriMap,3,4,3,0,0,6142,253,1426,0.3903321212370042,0.4452917600216067,432,1200,0.0329289900847748,0.0680185045840744,0.4121549529579122
13_0nm_02run_250d.txt,TriMap,3,4,4,0,0,6142,95,949,0.6189262723687263,0.5125204489393429,341,1321,0.0887737174969035,0.1466673397236972,0.4619135855751218
13_0nm_02run_250d.txt,TriMap,3,8,4,0,0,6142,45,707,0.6926004132263618,0.4497526581471683,238,966,0.1256672537473542,0.091673892630497,0.4358115670264396
13_0nm_02run_250d.txt,TriMap,3,8,6,0,0,6142,39,903,0.6034817807274591,0.5288540752647004,199,1175,0.1925721797556957,0.1522239856178447,0.3985687465299382
13_0nm_02run_250d.txt,TriMap,3,8,8,0,0,6142,10,173,0.3974779217472589,0.592721682014186,113,815,0.5201517795283951,0.2601689555227789,0.5506454168430144
13_0nm_02run_250d.txt,TriMap,3,16,8,0,0,6142,24,850,0.6596859407495237,0.5372531105817128,65,522,0.568300137340312,-0.0291920285424791,0.3089657472416113
13_0nm_02run_250d.txt,TriMap,3,16,12,0,0,6142,23,1115,0.6128633645559279,0.5616424260965032,28,347,0.7831740027475007,0.30275856858687,0.5338867549988083
13_0nm_02run_250d.txt,TriMap,3,16,16,0,0,6142,22,1235,0.5776667615788545,0.5502146870660186,8,1,0.5260801300448062,0.246737808064675,0.4778844086682788
13_0nm_02run_250d.txt,TriMap,3,32,16,0,0,6142,15,991,0.6472073125639639,0.5773764933507155,9,1,0.5137424796844628,0.2075934150327372,0.4713719508045788
13_0nm_02run_250d.txt,TriMap,3,32,24,0,0,6142,15,1052,0.6182134047020995,0.5724150977379464,8,6,0.5265993686045694,0.2469202417064313,0.4323478160678118
13_0nm_02run_250d.txt,TriMap,3,32,32,0,0,6142,16,1266,0.5728916495005718,0.566134432502482,7,18,0.2424108311067905,0.5924007514789207,0.8257626471010487
13_0nm_02run_250d.txt,TriMap,3,64,32,0,0,6142,13,996,0.610252988502153,0.5827010540213925,12,144,0.6502750533469066,0.2867011970498134,0.2590112442029978
13_0nm_02run_250d.txt,TriMap,3,64,48,0,0,6142,12,891,0.5948829136158923,0.6163853102804868,10,4,0.5088081266319656,-0.1428417486923671,-0.013606689595351
13_0nm_02run_250d.txt,TriMap,3,64,64,0,0,6142,12,1243,0.4878140780381172,0.6092429592701288,7,81,0.2339233234274744,0.6935417903083284,0.8255771567777359
13_0nm_02run_250d.txt,TriMap,3,128,64,0,0,6142,11,959,0.5163779505610163,0.6059991979089825,6,13,0.2478114966320478,0.6705899298520017,0.8406160958620603
13_0nm_02run_250d.txt,TriMap,3,128,96,0,0,6142,10,933,0.512977967769866,0.6426818809687648,7,79,0.4073586496565871,0.1631394213392263,0.2068768671723971
13_0nm_02run_250d.txt,TriMap,3,128,128,0,0,6142,10,1089,0.4906392107334104,0.6353304733826045,6,199,0.2293067089063442,0.6780926479319315,0.8159559159539316
13_0nm_02run_250d.txt,TriMap,3,256,128,0,0,6142,6,428,0.3673773792492992,0.6950608676826103,6,48,0.3911952550353141,-0.1967854976358607,-0.2984886968593326
13_0nm_02run_250d.txt,TriMap,3,256,192,0,0,6142,5,278,0.3632021196008992,0.6733845310719552,3,0,0.2060633213900251,0.5315228228630245,0.6019610516487492
13_0nm_02run_250d.txt,TriMap,3,256,256,0,0,6142,5,375,0.3558984528600324,0.6786667527136647,2,0,0.1521573213754089,0.6017401883289745,0.7624261124647582
13_0nm_02run_250d.txt,PaCMAP,2,4,2,10,0,6142,439,1502,0.1615865641508792,0.3978170302637949,581,975,0.0237152708992424,-0.0161358136649655,0.3979373048780667
13_0nm_02run_250d.txt,PaCMAP,2,4,3,10,0,6142,253,1426,0.3903321212370042,0.4452917600216067,485,1216,0.0246831374159351,0.0219963533889623,0.4214558477053141
13_0nm_02run_250d.txt,PaCMAP,2,4,4,10,0,6142,95,949,0.6189262723687263,0.5125204489393429,402,1377,0.0278190238990668,0.0409357872654125,0.4361092196122827
13_0nm_02run_250d.txt,PaCMAP,2,8,4,10,0,6142,45,707,0.6926004132263618,0.4497526581471683,257,1105,0.0566510545896389,0.009154912377368,0.4059531147099661
13_0nm_02run_250d.txt,PaCMAP,2,8,6,10,0,6142,39,903,0.6034817807274591,0.5288540752647004,227,1360,0.0547901626688861,0.0426117556634967,0.4307848701828566
13_0nm_02run_250d.txt,PaCMAP,2,8,8,10,0,6142,10,173,0.3974779217472589,0.592721682014186,162,1260,0.2435985599240981,0.0687711748573797,0.493234316323547
13_0nm_02run_250d.txt,PaCMAP,2,16,8,10,0,6142,24,850,0.6596859407495237,0.5372531105817128,74,592,0.5148578516933526,0.1213192239058411,0.4312624576491482
13_0nm_02run_250d.txt,PaCMAP,2,16,12,10,0,6142,23,1115,0.6128633645559279,0.5616424260965032,21,70,0.2909058813780503,-0.0104658625408136,0.5247140785664013
13_0nm_02run_250d.txt,PaCMAP,2,16,16,10,0,6142,22,1235,0.5776667615788545,0.5502146870660186,15,48,0.299458017246723,-0.0332476462448117,0.5256028704388569
13_0nm_02run_250d.txt,PaCMAP,2,32,16,10,0,6142,15,991,0.6472073125639639,0.5773764933507155,12,51,0.3002896178439374,-0.0420993610829949,0.5129995363439578
13_0nm_02run_250d.txt,PaCMAP,2,32,24,10,0,6142,15,1052,0.6182134047020995,0.5724150977379464,8,0,0.3149844171219382,0.0081663612520968,0.5383633318488223
13_0nm_02run_250d.txt,PaCMAP,2,32,32,10,0,6142,16,1266,0.5728916495005718,0.566134432502482,8,0,0.3149844171219382,0.0081663612520968,0.5383633318488223
13_0nm_02run_250d.txt,PaCMAP,2,64,32,10,0,6142,13,996,0.610252988502153,0.5827010540213925,8,0,0.3149844171219382,0.0081663612520968,0.5383633318488223
13_0nm_02run_250d.txt,PaCMAP,2,64,48,10,0,6142,12,891,0.5948829136158923,0.6163853102804868,8,0,0.5260046407903886,0.2468228748643576,0.2551233672736012
13_0nm_02run_250d.txt,PaCMAP,2,64,64,10,0,6142,12,1243,0.4878140780381172,0.6092429592701288,7,0,0.3299288472600453,0.0936876520888202,0.5405175755921356
13_0nm_02run_250d.txt,PaCMAP,2,128,64,10,0,6142,11,959,0.5163779505610163,0.6059991979089825,7,0,0.3299288472600453,0.0936876520888202,0.5405175755921356
13_0nm_02run_250d.txt,PaCMAP,2,128,96,10,0,6142,10,933,0.512977967769866,0.6426818809687648,8,0,0.526384739665346,0.2568143180433904,0.2551549797436229
13_0nm_02run_250d.txt,PaCMAP,2,128,128,10,0,6142,10,1089,0.4906392107334104,0.6353304733826045,8,8,0.5244817576790962,0.245958683966093,0.2547644726083631
13_0nm_02run_250d.txt,PaCMAP,2,256,128,10,0,6142,6,428,0.3673773792492992,0.6950608676826103,8,8,0.5244817576790962,0.245958683966093,0.2547644726083631
13_0nm_02run_250d.txt,PaCMAP,2,256,192,10,0,6142,5,278,0.3632021196008992,0.6733845310719552,8,86,0.5169165478734683,-0.0639570521170667,-0.0493634756711454
13_0nm_02run_250d.txt,PaCMAP,2,256,256,10,0,6142,5,375,0.3558984528600324,0.6786667527136647,7,957,0.422666566203272,0.0810309357781439,0.1652766657189213
13_0nm_02run_250d.txt,PaCMAP,3,4,2,10,0,6142,439,1502,0.1615865641508792,0.3978170302637949,580,923,0.0260309328397235,-0.0040559391051794,0.4110564294829258
13_0nm_02run_250d.txt,PaCMAP,3,4,3,10,0,6142,253,1426,0.3903321212370042,0.4452917600216067,502,1276,0.0228578979882404,0.0585891031863456,0.4510080151636735
13_0nm_02run_250d.txt,PaCMAP,3,4,4,10,0,6142,95,949,0.6189262723687263,0.5125204489393429,385,1383,0.0290244419061361,0.0663057070141668,0.4464790707506745
13_0nm_02run_250d.txt,PaCMAP,3,8,4,10,0,6142,45,707,0.6926004132263618,0.4497526581471683,221,910,0.2103598924415452,0.062453414851659,0.4926585613518934
13_0nm_02run_250d.txt,PaCMAP,3,8,6,10,0,6142,39,903,0.6034817807274591,0.5288540752647004,191,1023,0.2096473312613169,0.0587335443788154,0.5162319557945563
13_0nm_02run_250d.txt,PaCMAP,3,8,8,10,0,6142,10,173,0.3974779217472589,0.592721682014186,72,374,0.3680200717080301,0.0333312097578249,0.7157654328614546
13_0nm_02run_250d.txt,PaCMAP,3,16,8,10,0,6142,24,850,0.6596859407495237,0.5372531105817128,38,214,0.4222864060172826,0.0586984219663852,0.757370140636787
13_0nm_02run_250d.txt,PaCMAP,3,16,12,10,0,6142,23,1115,0.6128633645559279,0.5616424260965032,25,128,0.4716618344456638,0.1363582849737092,0.808297741644308
13_0nm_02run_250d.txt,PaCMAP,3,16,16,10,0,6142,22,1235,0.5776667615788545,0.5502146870660186,25,140,0.4715881347345561,0.1510223598736354,0.8068447495433203
13_0nm_02run_250d.txt,PaCMAP,3,32,16,10,0,6142,15,991,0.6472073125639639,0.5773764933507155,14,62,0.4852513497576316,0.1169955917606919,0.7956100586253572
13_0nm_02run_250d.txt,PaCMAP,3,32,24,10,0,6142,15,1052,0.6182134047020995,0.5724150977379464,9,0,0.507502445632499,0.1613808616839586,0.8318595130457201
13_0nm_02run_250d.txt,PaCMAP,3,32,32,10,0,6142,16,1266,0.5728916495005718,0.566134432502482,9,6,0.5071097042669261,0.1705378789208675,0.8331219785777686
13_0nm_02run_250d.txt,PaCMAP,3,64,32,10,0,6142,13,996,0.610252988502153,0.5827010540213925,9,6,0.5071097042669261,0.1705378789208675,0.8331219785777686
13_0nm_02run_250d.txt,PaCMAP,3,64,48,10,0,6142,12,891,0.5948829136158923,0.6163853102804868,9,0,0.5013458424928937,0.1451797901043384,0.6970416187240667
13_0nm_02run_250d.txt,PaCMAP,3,64,64,10,0,6142,12,1243,0.4878140780381172,0.6092429592701288,8,0,0.5260046407903886,0.2468228748643576,0.8345963530513906
13_0nm_02run_250d.txt,PaCMAP,3,128,64,10,0,6142,11,959,0.5163779505610163,0.6059991979089825,8,0,0.5260046407903886,0.2468228748643576,0.8345963530513906
13_0nm_02run_250d.txt,PaCMAP,3,128,96,10,0,6142,10,933,0.512977967769866,0.6426818809687648,8,0,0.5260046407903886,0.2468228748643576,0.8345963530513907
13_0nm_02run_250d.txt,PaCMAP,3,128,128,10,0,6142,10,1089,0.4906392107334104,0.6353304733826045,8,0,0.5260046407903886,0.2468228748643576,0.8345963530513907
13_0nm_02run_250d.txt,PaCMAP,3,256,128,10,0,6142,6,428,0.3673773792492992,0.6950608676826103,8,0,0.5260046407903886,0.2468228748643576,0.8345963530513907
13_0nm_02run_250d.txt,PaCMAP,3,256,192,10,0,6142,5,278,0.3632021196008992,0.6733845310719552,8,0,0.5260046407903886,0.2468228748643576,0.8345963530513907
13_0nm_02run_250d.txt,PaCMAP,3,256,256,10,0,6142,5,375,0.3558984528600324,0.6786667527136647,8,153,0.5227141680192487,0.315326574136511,0.8243339733232675
22_0nm_01run_2000d.txt,tSNE,2,4,2,0,0,10686,719,2437,0.1211571015138349,,985,1366,0.0308961190270014,,0.3866817837398492
22_0nm_01run_2000d.txt,tSNE,2,4,3,0,0,10686,410,2301,0.2514145099847286,,751,1563,0.0845499621485285,,0.4084075459035286
22_0nm_01run_2000d.txt,tSNE,2,4,4,0,0,10686,134,1314,0.4030977479338923,,467,1331,0.2064179884444094,,0.4116756797300847
22_0nm_01run_2000d.txt,tSNE,2,8,4,0,0,10686,63,1163,0.4215493448945263,,254,731,0.3706412649732405,,0.3802367247898023
22_0nm_01run_2000d.txt,tSNE,2,8,6,0,0,10686,35,789,0.4283592554067826,,193,731,0.4362666062347305,,0.391012641255833
22_0nm_01run_2000d.txt,tSNE,2,8,8,0,0,10686,18,479,0.4546247521879995,,108,520,0.5414285106878537,,0.3173951318827085
22_0nm_01run_2000d.txt,tSNE,2,16,8,0,0,10686,15,590,0.4432347415507656,,73,335,0.5731687779751214,,0.2791113301769318
22_0nm_01run_2000d.txt,tSNE,2,16,12,0,0,10686,12,412,0.457463231078502,,35,95,0.5495199884588748,,0.2449996741509638
22_0nm_01run_2000d.txt,tSNE,2,16,16,0,0,10686,12,407,0.4576535593867978,,22,9,0.57426007922195,,0.2976953382984136
22_0nm_01run_2000d.txt,tSNE,2,32,16,0,0,10686,12,524,0.4537679135800661,,22,9,0.57426007922195,,0.2976953382984136
22_0nm_01run_2000d.txt,tSNE,2,32,24,0,0,10686,12,733,0.4455567683802481,,20,0,0.5426053981617298,,0.2876011436698645
22_0nm_01run_2000d.txt,tSNE,2,32,32,0,0,10686,10,604,0.4532440523198026,,20,0,0.5426053981617298,,0.2876011436698645
22_0nm_01run_2000d.txt,tSNE,2,64,32,0,0,10686,10,604,0.4532440523198026,,20,0,0.5426053981617298,,0.2876011436698645
22_0nm_01run_2000d.txt,tSNE,2,64,48,0,0,10686,12,1271,0.431331185836565,0.6527081541501858,19,25,0.6175754048755926,,0.2167055285387144
22_0nm_01run_2000d.txt,tSNE,2,64,64,0,0,10686,10,1124,0.4377079456925394,,18,85,0.5627396838674756,,0.2974784244351626
22_0nm_01run_2000d.txt,tSNE,2,128,64,0,0,10686,10,1124,0.4377079456925394,,15,192,0.5585167328015562,,0.3299337377460936
22_0nm_01run_2000d.txt,tSNE,2,128,96,0,0,10686,11,1568,0.3910636704064971,,16,663,0.541512707025712,,0.2903626506345335
22_0nm_01run_2000d.txt,tSNE,2,128,128,0,0,10686,11,1894,0.3646548946264282,,14,1255,0.477999593728256,,0.3361249047588215
22_0nm_01run_2000d.txt,tSNE,2,256,128,0,0,10686,10,2047,0.3583470601258989,,13,1509,0.4571344852215962,,0.3423971389985787
22_0nm_01run_2000d.txt,tSNE,2,256,192,0,0,10686,9,1651,0.3642590018358947,,3,409,0.0358405970727885,,-0.1598945251158045
22_0nm_01run_2000d.txt,tSNE,2,256,256,0,0,10686,5,723,0.2379838036303652,,3,1988,0.0457498462465978,-0.3954948143212151,-0.1887633408221753
22_0nm_01run_2000d.txt,tSNE,3,4,2,0,0,10686,719,2437,0.1211571015138349,,1024,1568,0.0250898319684965,,0.3742129840708743
22_0nm_01run_2000d.txt,tSNE,3,4,3,0,0,10686,410,2301,0.2514145099847286,,882,2118,0.0209497820331757,,0.3818260936384231
22_0nm_01run_2000d.txt,tSNE,3,4,4,0,0,10686,134,1314,0.4030977479338923,,289,978,0.2409743229977083,,0.2761296591406926
22_0nm_01run_2000d.txt,tSNE,3,8,4,0,0,10686,63,1163,0.4215493448945263,,98,350,0.2654375159310656,,0.2526876333628884
22_0nm_01run_2000d.txt,tSNE,3,8,6,0,0,10686,35,789,0.4283592554067826,,7,0,0.3146530744622769,,0.3118944305156705
22_0nm_01run_2000d.txt,tSNE,3,8,8,0,0,10686,18,479,0.4546247521879995,,7,0,0.3146530744622769,,0.3118944305156705
22_0nm_01run_2000d.txt,tSNE,3,16,8,0,0,10686,15,590,0.4432347415507656,,7,0,0.3146530744622769,,0.3118944305156705
22_0nm_01run_2000d.txt,tSNE,3,16,12,0,0,10686,12,412,0.457463231078502,,7,0,0.3146530744622769,,0.3118944305156705
22_0nm_01run_2000d.txt,tSNE,3,16,16,0,0,10686,12,407,0.4576535593867978,,7,0,0.3146530744622769,,0.3118944305156705
22_0nm_01run_2000d.txt,tSNE,3,32,16,0,0,10686,12,524,0.4537679135800661,,7,0,0.3146530744622769,,0.3118944305156705
22_0nm_01run_2000d.txt,tSNE,3,32,24,0,0,10686,12,733,0.4455567683802481,,7,0,0.3146530744622769,,0.3118944305156705
22_0nm_01run_2000d.txt,tSNE,3,32,32,0,0,10686,10,604,0.4532440523198026,,7,0,0.3146530744622769,,0.3118944305156705
22_0nm_01run_2000d.txt,tSNE,3,64,32,0,0,10686,10,604,0.4532440523198026,,7,0,0.3146530744622769,,0.3118944305156705
22_0nm_01run_2000d.txt,tSNE,3,64,48,0,0,10686,12,1271,0.431331185836565,0.6527081541501858,8,20,0.4338120956266874,,-0.0056199645406707
22_0nm_01run_2000d.txt,tSNE,3,64,64,0,0,10686,10,1124,0.4377079456925394,,7,137,0.3131577431713088,,0.3158561196055648
22_0nm_01run_2000d.txt,tSNE,3,128,64,0,0,10686,10,1124,0.4377079456925394,,9,311,0.3433566536033618,,0.1466390398754973
22_0nm_01run_2000d.txt,tSNE,3,128,96,0,0,10686,11,1568,0.3910636704064971,,10,768,0.4595282224646131,,0.2338535945514649
22_0nm_01run_2000d.txt,tSNE,3,128,128,0,0,10686,11,1894,0.3646548946264282,,10,1562,0.380236904467272,,0.1669961320784967
22_0nm_01run_2000d.txt,tSNE,3,256,128,0,0,10686,10,2047,0.3583470601258989,,8,1518,0.3934119989250659,,0.215391914626891
22_0nm_01run_2000d.txt,tSNE,3,256,192,0,0,10686,9,1651,0.3642590018358947,,7,4360,0.1602849404738649,,0.1702070557592416
22_0nm_01run_2000d.txt,tSNE,3,256,256,0,0,10686,5,723,0.2379838036303652,,5,6828,0.0399361762445588,,0.0161717986675145
22_0nm_01run_2000d.txt,UMAP,2,4,2,0,0,10686,719,2437,0.1211571015138349,,1005,1394,0.0264880758698281,,0.4532279698801549
22_0nm_01run_2000d.txt,UMAP,2,4,3,0,0,10686,410,2301,0.2514145099847286,,882,1723,0.0265326452644749,,0.4755920631232196
22_0nm_01run_2000d.txt,UMAP,2,4,4,0,0,10686,134,1314,0.4030977479338923,,714,1784,0.0332474840096728,,0.4979279142801667
22_0nm_01run_2000d.txt,UMAP,2,8,4,0,0,10686,63,1163,0.4215493448945263,,497,1475,0.0497628268911448,,0.459334290141995
22_0nm_01run_2000d.txt,UMAP,2,8,6,0,0,10686,35,789,0.4283592554067826,,458,1794,0.0469904386534221,,0.4808908613023803
22_0nm_01run_2000d.txt,UMAP,2,8,8,0,0,10686,18,479,0.4546247521879995,,369,1990,0.0798169552626714,,0.480276504824677
22_0nm_01run_2000d.txt,UMAP,2,16,8,0,0,10686,15,590,0.4432347415507656,,188,1289,0.2663875569893792,,0.4514712484458164
22_0nm_01run_2000d.txt,UMAP,2,16,12,0,0,10686,12,412,0.457463231078502,,167,1512,0.2617291457151063,,0.4310857431447668
22_0nm_01run_2000d.txt,UMAP,2,16,16,0,0,10686,12,407,0.4576535593867978,,79,868,0.428376038698496,,0.3344065379590442
22_0nm_01run_2000d.txt,UMAP,2,32,16,0,0,10686,12,524,0.4537679135800661,,24,105,0.5226399384467101,,0.2150503633280954
22_0nm_01run_2000d.txt,UMAP,2,32,24,0,0,10686,12,733,0.4455567683802481,,15,9,0.5039091562147613,,0.3733482161556209
22_0nm_01run_2000d.txt,UMAP,2,32,32,0,0,10686,10,604,0.4532440523198026,,20,172,0.5003465022490321,,0.357366846161376
22_0nm_01run_2000d.txt,UMAP,2,64,32,0,0,10686,10,604,0.4532440523198026,,21,188,0.5185240118777285,,0.1909793542632754
22_0nm_01run_2000d.txt,UMAP,2,64,48,0,0,10686,12,1271,0.431331185836565,0.6527081541501858,18,163,0.5045927122267791,,0.3698852003712286
22_0nm_01run_2000d.txt,UMAP,2,64,64,0,0,10686,10,1124,0.4377079456925394,,18,286,0.496489896731912,,0.3538185257180513
22_0nm_01run_2000d.txt,UMAP,2,128,64,0,0,10686,10,1124,0.4377079456925394,,15,158,0.5264060288189563,,0.3558441253232455
22_0nm_01run_2000d.txt,UMAP,2,128,96,0,0,10686,11,1568,0.3910636704064971,,10,140,0.4176521353733222,,0.3305545678339824
22_0nm_01run_2000d.txt,UMAP,2,128,128,0,0,10686,11,1894,0.3646548946264282,,9,197,0.4151273163238074,,0.4219585133600344
22_0nm_01run_2000d.txt,UMAP,2,256,128,0,0,10686,10,2047,0.3583470601258989,,8,132,0.3955930876298688,,0.3912222250417126
22_0nm_01run_2000d.txt,UMAP,2,256,192,0,0,10686,9,1651,0.3642590018358947,,7,834,0.3846121326413808,,0.3797685968782558
22_0nm_01run_2000d.txt,UMAP,2,256,256,0,0,10686,5,723,0.2379838036303652,,7,1387,0.3557360195711035,,0.3841345806078094
22_0nm_01run_2000d.txt,UMAP,3,4,2,0,0,10686,719,2437,0.1211571015138349,,1008,1378,0.0265425935455004,,0.4649585386355184
22_0nm_01run_2000d.txt,UMAP,3,4,3,0,0,10686,410,2301,0.2514145099847286,,866,1660,0.0287318682148285,,0.4841920831749801
22_0nm_01run_2000d.txt,UMAP,3,4,4,0,0,10686,134,1314,0.4030977479338923,,703,1742,0.0333641929492727,,0.4916652200400192
22_0nm_01run_2000d.txt,UMAP,3,8,4,0,0,10686,63,1163,0.4215493448945263,,489,1357,0.0569605261912908,,0.4595977888302956
22_0nm_01run_2000d.txt,UMAP,3,8,6,0,0,10686,35,789,0.4283592554067826,,441,1746,0.0537454863892125,,0.4837958746290182
22_0nm_01run_2000d.txt,UMAP,3,8,8,0,0,10686,18,479,0.4546247521879995,,352,1850,0.1527209685885354,,0.5173988143127799
22_0nm_01run_2000d.txt,UMAP,3,16,8,0,0,10686,15,590,0.4432347415507656,,181,1182,0.3347433487885461,,0.4592026992359955
22_0nm_01run_2000d.txt,UMAP,3,16,12,0,0,10686,12,412,0.457463231078502,,104,910,0.4522034450296829,,0.4508991760245365
22_0nm_01run_2000d.txt,UMAP,3,16,16,0,0,10686,12,407,0.4576535593867978,,64,805,0.533230984826628,,0.4667278803453494
22_0nm_01run_2000d.txt,UMAP,3,32,16,0,0,10686,12,524,0.4537679135800661,,21,21,0.5154550991267366,,0.3176285587957762
22_0nm_01run_2000d.txt,UMAP,3,32,24,0,0,10686,12,733,0.4455567683802481,,19,67,0.5078569333936186,,0.4620187332840087
22_0nm_01run_2000d.txt,UMAP,3,32,32,0,0,10686,10,604,0.4532440523198026,,21,111,0.5045243923018577,,0.3641364848804653
22_0nm_01run_2000d.txt,UMAP,3,64,32,0,0,10686,10,604,0.4532440523198026,,17,38,0.5179990930313231,,0.326773168326125
22_0nm_01run_2000d.txt,UMAP,3,64,48,0,0,10686,12,1271,0.431331185836565,0.6527081541501858,13,7,0.500602647635096,,0.5684326148897461
22_0nm_01run_2000d.txt,UMAP,3,64,64,0,0,10686,10,1124,0.4377079456925394,,16,67,0.4811281790183109,,0.5099642759827667
22_0nm_01run_2000d.txt,UMAP,3,128,64,0,0,10686,10,1124,0.4377079456925394,,16,67,0.4811281790183109,,0.5099642759827667
22_0nm_01run_2000d.txt,UMAP,3,128,96,0,0,10686,11,1568,0.3910636704064971,,10,29,0.4783604554366638,,0.6391876847588247
22_0nm_01run_2000d.txt,UMAP,3,128,128,0,0,10686,11,1894,0.3646548946264282,,10,86,0.4763856233386425,,0.6382925533181846
22_0nm_01run_2000d.txt,UMAP,3,256,128,0,0,10686,10,2047,0.3583470601258989,,10,86,0.4763856233386425,,0.6382925533181846
22_0nm_01run_2000d.txt,UMAP,3,256,192,0,0,10686,9,1651,0.3642590018358947,,9,624,0.4766850160958132,,0.719376062984389
22_0nm_01run_2000d.txt,UMAP,3,256,256,0,0,10686,5,723,0.2379838036303652,,8,1109,0.4540030817652736,,0.6966005566816257
22_0nm_01run_2000d.txt,TriMap,2,4,2,0,0,10686,719,2437,0.1211571015138349,,944,1809,0.0232359127935629,,0.3871165844919672
22_0nm_01run_2000d.txt,TriMap,2,4,3,0,0,10686,410,2301,0.2514145099847286,,797,2179,0.0243411906754737,,0.4052251449219853
22_0nm_01run_2000d.txt,TriMap,2,4,4,0,0,10686,134,1314,0.4030977479338923,,628,2490,0.0262045278118288,,0.3969366223771179
22_0nm_01run_2000d.txt,TriMap,2,8,4,0,0,10686,63,1163,0.4215493448945263,,434,2058,0.0493835436554328,,0.3710730897210387
22_0nm_01run_2000d.txt,TriMap,2,8,6,0,0,10686,35,789,0.4283592554067826,,328,2218,0.1364123038628095,,0.437198888625541
22_0nm_01run_2000d.txt,TriMap,2,8,8,0,0,10686,18,479,0.4546247521879995,,303,2430,0.1232935272778745,,0.4414365427301387
22_0nm_01run_2000d.txt,TriMap,2,16,8,0,0,10686,15,590,0.4432347415507656,,135,1659,0.2620452029635141,,0.5078835846396976
22_0nm_01run_2000d.txt,TriMap,2,16,12,0,0,10686,12,412,0.457463231078502,,91,1364,0.3396494478607322,,0.4779508757457038
22_0nm_01run_2000d.txt,TriMap,2,16,16,0,0,10686,12,407,0.4576535593867978,,35,544,0.4239000354470531,,0.0659696467244441
22_0nm_01run_2000d.txt,TriMap,2,32,16,0,0,10686,12,524,0.4537679135800661,,23,545,0.3423103007300581,,0.3434909565281068
22_0nm_01run_2000d.txt,TriMap,2,32,24,0,0,10686,12,733,0.4455567683802481,,15,176,0.3509778670744496,,0.3571098316372936
22_0nm_01run_2000d.txt,TriMap,2,32,32,0,0,10686,10,604,0.4532440523198026,,11,136,0.3338736189389239,,0.2452533891439156
22_0nm_01run_2000d.txt,TriMap,2,64,32,0,0,10686,10,604,0.4532440523198026,,11,172,0.3338099486376221,,0.4220611149613026
22_0nm_01run_2000d.txt,TriMap,2,64,48,0,0,10686,12,1271,0.431331185836565,0.6527081541501858,15,697,0.4282799589761018,,0.228924829174389
22_0nm_01run_2000d.txt,TriMap,2,64,64,0,0,10686,10,1124,0.4377079456925394,,15,465,0.4035552477820316,,0.2964665545916474
22_0nm_01run_2000d.txt,TriMap,2,128,64,0,0,10686,10,1124,0.4377079456925394,,11,305,0.4050883507155144,,0.3023239133263225
22_0nm_01run_2000d.txt,TriMap,2,128,96,0,0,10686,11,1568,0.3910636704064971,,11,529,0.3554646937046417,,0.2577269454381072
22_0nm_01run_2000d.txt,TriMap,2,128,128,0,0,10686,11,1894,0.3646548946264282,,8,446,0.3339108852963396,,0.5313975436074899
22_0nm_01run_2000d.txt,TriMap,2,256,128,0,0,10686,10,2047,0.3583470601258989,,9,801,0.4052089576022711,,0.4186862428187211
22_0nm_01run_2000d.txt,TriMap,2,256,192,0,0,10686,9,1651,0.3642590018358947,,8,608,0.3270317237288022,,0.4968937235998308
22_0nm_01run_2000d.txt,TriMap,2,256,256,0,0,10686,5,723,0.2379838036303652,,6,808,0.3141785234875763,,0.5317603503368353
22_0nm_01run_2000d.txt,TriMap,3,4,2,0,0,10686,719,2437,0.1211571015138349,,912,1850,0.025654920982594,,0.3960053331395796
22_0nm_01run_2000d.txt,TriMap,3,4,3,0,0,10686,410,2301,0.2514145099847286,,766,2288,0.0257033840116375,,0.4197381812399611
22_0nm_01run_2000d.txt,TriMap,3,4,4,0,0,10686,134,1314,0.4030977479338923,,607,2560,0.0253233893139206,,0.4211596685786332
22_0nm_01run_2000d.txt,TriMap,3,8,4,0,0,10686,63,1163,0.4215493448945263,,415,2075,0.0921354484899047,,0.3676502005511138
22_0nm_01run_2000d.txt,TriMap,3,8,6,0,0,10686,35,789,0.4283592554067826,,334,2222,0.1434503591431919,,0.462372434996112
22_0nm_01run_2000d.txt,TriMap,3,8,8,0,0,10686,18,479,0.4546247521879995,,300,2509,0.1280912247797486,,0.4429128378165137
22_0nm_01run_2000d.txt,TriMap,3,16,8,0,0,10686,15,590,0.4432347415507656,,76,845,0.3768332641377084,,0.6128343907294835
22_0nm_01run_2000d.txt,TriMap,3,16,12,0,0,10686,12,412,0.457463231078502,,52,654,0.4023339396031319,,0.5183060856442232
22_0nm_01run_2000d.txt,TriMap,3,16,16,0,0,10686,12,407,0.4576535593867978,,36,584,0.4117058911493492,,0.6197299047981074
22_0nm_01run_2000d.txt,TriMap,3,32,16,0,0,10686,12,524,0.4537679135800661,,30,706,0.4090874297831933,,0.626227585006322
22_0nm_01run_2000d.txt,TriMap,3,32,24,0,0,10686,12,733,0.4455567683802481,,20,540,0.4592193163730263,,0.4608645748834494
22_0nm_01run_2000d.txt,TriMap,3,32,32,0,0,10686,10,604,0.4532440523198026,,17,348,0.4260027661417862,,0.5467435274930379
22_0nm_01run_2000d.txt,TriMap,3,64,32,0,0,10686,10,604,0.4532440523198026,,10,89,0.4646307748817778,,0.1840757119516584
22_0nm_01run_2000d.txt,TriMap,3,64,48,0,0,10686,12,1271,0.431331185836565,0.6527081541501858,12,213,0.4412115059122007,,0.604337070824326
22_0nm_01run_2000d.txt,TriMap,3,64,64,0,0,10686,10,1124,0.4377079456925394,,11,259,0.4323848200872285,,0.5473130394788894
22_0nm_01run_2000d.txt,TriMap,3,128,64,0,0,10686,10,1124,0.4377079456925394,,11,222,0.4349090589589104,,0.4845113414842442
22_0nm_01run_2000d.txt,TriMap,3,128,96,0,0,10686,11,1568,0.3910636704064971,,9,178,0.4462838655780958,,0.4802178480840217
22_0nm_01run_2000d.txt,TriMap,3,128,128,0,0,10686,11,1894,0.3646548946264282,,12,565,0.4233785352099469,,0.4954761296087167
22_0nm_01run_2000d.txt,TriMap,3,256,128,0,0,10686,10,2047,0.3583470601258989,,10,471,0.4592952204248218,,0.5265213192922094
22_0nm_01run_2000d.txt,TriMap,3,256,192,0,0,10686,9,1651,0.3642590018358947,,8,404,0.3627698497232552,,0.6647794114702265
22_0nm_01run_2000d.txt,TriMap,3,256,256,0,0,10686,5,723,0.2379838036303652,,6,813,0.3399530788264024,,0.5954797370315295
22_0nm_01run_2000d.txt,PaCMAP,2,4,2,10,0,10686,719,2437,0.1211571015138349,,949,1903,0.0219784471217934,,0.3819539754659086
22_0nm_01run_2000d.txt,PaCMAP,2,4,3,10,0,10686,410,2301,0.2514145099847286,,784,2215,0.025271489833617,,0.4068975939095207
22_0nm_01run_2000d.txt,PaCMAP,2,4,4,10,0,10686,134,1314,0.4030977479338923,,629,2416,0.0275494054599893,,0.4098138901659965
22_0nm_01run_2000d.txt,PaCMAP,2,8,4,10,0,10686,63,1163,0.4215493448945263,,432,1999,0.0452313460439172,,0.3785144384954161
22_0nm_01run_2000d.txt,PaCMAP,2,8,6,10,0,10686,35,789,0.4283592554067826,,344,2161,0.0938985192054334,,0.4133615144287248
22_0nm_01run_2000d.txt,PaCMAP,2,8,8,10,0,10686,18,479,0.4546247521879995,,208,1674,0.1781528200945039,,0.3285496849927821
22_0nm_01run_2000d.txt,PaCMAP,2,16,8,10,0,10686,15,590,0.4432347415507656,,80,809,0.3121193567654166,,0.3801384719254638
22_0nm_01run_2000d.txt,PaCMAP,2,16,12,10,0,10686,12,412,0.457463231078502,,15,53,0.3334688156289417,,0.3086861518662201
22_0nm_01run_2000d.txt,PaCMAP,2,16,16,10,0,10686,12,407,0.4576535593867978,,25,316,0.3280967163724397,,0.4205328060739438
22_0nm_01run_2000d.txt,PaCMAP,2,32,16,10,0,10686,12,524,0.4537679135800661,,22,313,0.3281285706243437,,0.4144666053489284
22_0nm_01run_2000d.txt,PaCMAP,2,32,24,10,0,10686,12,733,0.4455567683802481,,8,0,0.3462169993877417,,0.4257329455878438
22_0nm_01run_2000d.txt,PaCMAP,2,32,32,10,0,10686,10,604,0.4532440523198026,,8,0,0.3462169993877417,,0.4257329455878438
22_0nm_01run_2000d.txt,PaCMAP,2,64,32,10,0,10686,10,604,0.4532440523198026,,8,0,0.3462169993877417,,0.4257329455878438
22_0nm_01run_2000d.txt,PaCMAP,2,64,48,10,0,10686,12,1271,0.431331185836565,0.6527081541501858,8,0,0.3462169993877417,,0.4257329455878438
22_0nm_01run_2000d.txt,PaCMAP,2,64,64,10,0,10686,10,1124,0.4377079456925394,,8,0,0.3462169993877417,,0.4257329455878438
22_0nm_01run_2000d.txt,PaCMAP,2,128,64,10,0,10686,10,1124,0.4377079456925394,,8,0,0.3462169993877417,,0.4257329455878438
22_0nm_01run_2000d.txt,PaCMAP,2,128,96,10,0,10686,11,1568,0.3910636704064971,,9,143,0.4556829331020776,,0.1607036571859154
22_0nm_01run_2000d.txt,PaCMAP,2,128,128,10,0,10686,11,1894,0.3646548946264282,,8,67,0.3483168005867288,,0.4268329140924954
22_0nm_01run_2000d.txt,PaCMAP,2,256,128,10,0,10686,10,2047,0.3583470601258989,,8,67,0.3483168005867288,,0.4268329140924954
22_0nm_01run_2000d.txt,PaCMAP,2,256,192,10,0,10686,9,1651,0.3642590018358947,,9,247,0.4537917797828609,,0.2259936579928519
22_0nm_01run_2000d.txt,PaCMAP,2,256,256,10,0,10686,5,723,0.2379838036303652,,9,950,0.4234246037053298,,0.4929849787077274
22_0nm_01run_2000d.txt,PaCMAP,3,4,2,10,0,10686,719,2437,0.1211571015138349,,943,1845,0.0228215395472726,,0.3925241346157328
22_0nm_01run_2000d.txt,PaCMAP,3,4,3,10,0,10686,410,2301,0.2514145099847286,,784,2165,0.0256141531962541,,0.4245550446013589
22_0nm_01run_2000d.txt,PaCMAP,3,4,4,10,0,10686,134,1314,0.4030977479338923,,644,2438,0.0250528334030387,,0.4247242767281711
22_0nm_01run_2000d.txt,PaCMAP,3,8,4,10,0,10686,63,1163,0.4215493448945263,,438,1932,0.0490347852728533,,0.3978676971403939
22_0nm_01run_2000d.txt,PaCMAP,3,8,6,10,0,10686,35,789,0.4283592554067826,,360,2273,0.0825059584556998,,0.4474404571103314
22_0nm_01run_2000d.txt,PaCMAP,3,8,8,10,0,10686,18,479,0.4546247521879995,,289,2252,0.1690770235995338,,0.4978211000703803
22_0nm_01run_2000d.txt,PaCMAP,3,16,8,10,0,10686,15,590,0.4432347415507656,,36,280,0.2916654956404135,,0.7390757382178534
22_0nm_01run_2000d.txt,PaCMAP,3,16,12,10,0,10686,12,412,0.457463231078502,,52,732,0.4095176019854385,,0.5308589337955485
22_0nm_01run_2000d.txt,PaCMAP,3,16,16,10,0,10686,12,407,0.4576535593867978,,25,314,0.3014241896591678,,0.6946338858699277
22_0nm_01run_2000d.txt,PaCMAP,3,32,16,10,0,10686,12,524,0.4537679135800661,,23,360,0.3017766215033241,,0.6920847088233292
22_0nm_01run_2000d.txt,PaCMAP,3,32,24,10,0,10686,12,733,0.4455567683802481,,12,52,0.3387977495573378,,0.4773284196583973
22_0nm_01run_2000d.txt,PaCMAP,3,32,32,10,0,10686,10,604,0.4532440523198026,,7,0,0.3146613000386898,,0.779526807616913
22_0nm_01run_2000d.txt,PaCMAP,3,64,32,10,0,10686,10,604,0.4532440523198026,,15,179,0.4726454382642866,,0.507056657707221
22_0nm_01run_2000d.txt,PaCMAP,3,64,48,10,0,10686,12,1271,0.431331185836565,0.6527081541501858,14,256,0.4964916673377066,,0.2378471548035362
22_0nm_01run_2000d.txt,PaCMAP,3,64,64,10,0,10686,10,1124,0.4377079456925394,,10,0,0.4834305707657174,,-0.0234453578560064
22_0nm_01run_2000d.txt,PaCMAP,3,128,64,10,0,10686,10,1124,0.4377079456925394,,10,0,0.4834305707657174,,-0.0234453578560064
22_0nm_01run_2000d.txt,PaCMAP,3,128,96,10,0,10686,11,1568,0.3910636704064971,,10,136,0.4845047211263745,,0.3719978440357867
22_0nm_01run_2000d.txt,PaCMAP,3,128,128,10,0,10686,11,1894,0.3646548946264282,,9,104,0.4571596301129886,,0.4699470421221082
22_0nm_01run_2000d.txt,PaCMAP,3,256,128,10,0,10686,10,2047,0.3583470601258989,,9,104,0.4571596301129886,,0.4699470421221082
22_0nm_01run_2000d.txt,PaCMAP,3,256,192,10,0,10686,9,1651,0.3642590018358947,,9,245,0.4550572843443738,,0.7603386949283535
22_0nm_01run_2000d.txt,PaCMAP,3,256,256,10,0,10686,5,723,0.2379838036303652,,8,5,0.4347676404626508,,0.3922048308188359
23_0nm_02run_2000d.txt,tSNE,2,4,2,0,0,6266,452,1515,0.1908860510640818,,510,750,0.1680401832973575,,0.3474187060348543
23_0nm_02run_2000d.txt,tSNE,2,4,3,0,0,6266,39,186,0.2521990240740438,0.64240498109413,302,679,0.4349118684916891,,0.4012218633211709
23_0nm_02run_2000d.txt,tSNE,2,4,4,0,0,6266,6,11,0.2745426415506128,0.6765818184864943,173,532,0.5791504744685964,,0.3759450362526742
23_0nm_02run_2000d.txt,tSNE,2,8,4,0,0,6266,6,11,0.2745426415506128,0.6765818184864943,107,338,0.6082195432984495,,0.3712220201939806
23_0nm_02run_2000d.txt,tSNE,2,8,6,0,0,6266,11,151,0.251093992752542,,78,379,0.6538295642745984,,0.4309119794501881
23_0nm_02run_2000d.txt,tSNE,2,8,8,0,0,6266,21,585,0.707248719033339,,16,9,0.6934333273049849,,0.3149597398479974
23_0nm_02run_2000d.txt,tSNE,2,16,8,0,0,6266,14,375,0.6491762561762839,,15,2,0.6940440169383891,,0.3148496309871655
23_0nm_02run_2000d.txt,tSNE,2,16,12,0,0,6266,14,553,0.7197832777543482,,16,12,0.6933959385507962,,0.3144580038396942
23_0nm_02run_2000d.txt,tSNE,2,16,16,0,0,6266,16,734,0.6547909473892931,,14,3,0.6951997783395166,,0.3125549160538087
23_0nm_02run_2000d.txt,tSNE,2,32,16,0,0,6266,18,1026,0.5831635481780569,,14,3,0.6951997783395166,,0.3125549160538087
23_0nm_02run_2000d.txt,tSNE,2,32,24,0,0,6266,18,1014,0.5781260722707191,,10,0,0.6139350034028561,,0.3336069404322279
23_0nm_02run_2000d.txt,tSNE,2,32,32,0,0,6266,18,1039,0.5742406864165013,,10,0,0.6139350034028561,,0.3336069404322279
23_0nm_02run_2000d.txt,tSNE,2,64,32,0,0,6266,15,826,0.6356876403222164,,10,0,0.6139350034028561,,0.3336069404322279
23_0nm_02run_2000d.txt,tSNE,2,64,48,0,0,6266,16,1168,0.5444267643881369,,10,0,0.6139350034028561,,0.3336069404322279
23_0nm_02run_2000d.txt,tSNE,2,64,64,0,0,6266,5,38,0.2479725520592378,,10,39,0.6098474782445055,,0.338613602495573
23_0nm_02run_2000d.txt,tSNE,2,128,64,0,0,6266,5,38,0.2479725520592378,,10,39,0.6098474782445055,,0.338613602495573
23_0nm_02run_2000d.txt,tSNE,2,128,96,0,0,6266,11,965,0.5267502078344356,,10,454,0.5703899087336362,,0.3541290614948649
23_0nm_02run_2000d.txt,tSNE,2,128,128,0,0,6266,6,387,0.3027365042316693,,8,538,0.4516504375194412,,0.315803177727019
23_0nm_02run_2000d.txt,tSNE,2,256,128,0,0,6266,6,387,0.3027365042316693,,7,475,0.4486053030277453,,0.2963468511853294
23_0nm_02run_2000d.txt,tSNE,2,256,192,0,0,6266,5,496,0.3172561111782498,0.6029056698028922,2,300,0.0294929287152436,0.0170699702980098,0.1783315392177838
23_0nm_02run_2000d.txt,tSNE,2,256,256,0,0,6266,5,634,0.3140216689393567,0.5958517980087384,3,957,0.0691814709999393,,0.2229380011913891
23_0nm_02run_2000d.txt,tSNE,3,4,2,0,0,6266,452,1515,0.1908860510640818,,557,907,0.1353017846744763,,0.3800457655235562
23_0nm_02run_2000d.txt,tSNE,3,4,3,0,0,6266,39,186,0.2521990240740438,0.64240498109413,368,894,0.3521654661739612,,0.4152352534054908
23_0nm_02run_2000d.txt,tSNE,3,4,4,0,0,6266,6,11,0.2745426415506128,0.6765818184864943,216,778,0.532942795184552,,0.479193665008773
23_0nm_02run_2000d.txt,tSNE,3,8,4,0,0,6266,6,11,0.2745426415506128,0.6765818184864943,124,541,0.5740245522697173,,0.4306064121368718
23_0nm_02run_2000d.txt,tSNE,3,8,6,0,0,6266,11,151,0.251093992752542,,53,296,0.5729751459518864,,0.2249913096232292
23_0nm_02run_2000d.txt,tSNE,3,8,8,0,0,6266,21,585,0.707248719033339,,6,0,0.275592694193757,0.6777524868787681,0.3296452170491034
23_0nm_02run_2000d.txt,tSNE,3,16,8,0,0,6266,14,375,0.6491762561762839,,6,0,0.275592694193757,0.6777524868787681,0.3296452170491034
23_0nm_02run_2000d.txt,tSNE,3,16,12,0,0,6266,14,553,0.7197832777543482,,6,0,0.275592694193757,0.6777524868787681,0.3296452170491034
23_0nm_02run_2000d.txt,tSNE,3,16,16,0,0,6266,16,734,0.6547909473892931,,6,0,0.275592694193757,0.6777524868787681,0.3296452170491034
23_0nm_02run_2000d.txt,tSNE,3,32,16,0,0,6266,18,1026,0.5831635481780569,,6,0,0.275592694193757,0.6777524868787681,0.3296452170491034
23_0nm_02run_2000d.txt,tSNE,3,32,24,0,0,6266,18,1014,0.5781260722707191,,6,0,0.275592694193757,0.6777524868787681,0.3296452170491034
23_0nm_02run_2000d.txt,tSNE,3,32,32,0,0,6266,18,1039,0.5742406864165013,,6,0,0.275592694193757,0.6777524868787681,0.3296452170491034
23_0nm_02run_2000d.txt,tSNE,3,64,32,0,0,6266,15,826,0.6356876403222164,,6,0,0.275592694193757,0.6777524868787681,0.3296452170491034
23_0nm_02run_2000d.txt,tSNE,3,64,48,0,0,6266,16,1168,0.5444267643881369,,6,24,0.2734947572437738,0.6756529133889535,0.3282089022380195
23_0nm_02run_2000d.txt,tSNE,3,64,64,0,0,6266,5,38,0.2479725520592378,,7,140,0.5205420795445262,0.3038075011692593,0.0792803492261737
23_0nm_02run_2000d.txt,tSNE,3,128,64,0,0,6266,5,38,0.2479725520592378,,8,200,0.582593613195274,,0.125367144885755
23_0nm_02run_2000d.txt,tSNE,3,128,96,0,0,6266,11,965,0.5267502078344356,,7,439,0.3326456273888473,-0.1795411814208456,-0.0797188104617203
23_0nm_02run_2000d.txt,tSNE,3,128,128,0,0,6266,6,387,0.3027365042316693,,7,1712,0.2792120459594484,,0.1656312986890965
23_0nm_02run_2000d.txt,tSNE,3,256,128,0,0,6266,6,387,0.3027365042316693,,6,1517,0.2861554546343627,0.1977911657612532,0.103745306099031
23_0nm_02run_2000d.txt,tSNE,3,256,192,0,0,6266,5,496,0.3172561111782498,0.6029056698028922,5,3436,0.1429212976685447,0.1066529367388535,0.1917574747750585
23_0nm_02run_2000d.txt,tSNE,3,256,256,0,0,6266,5,634,0.3140216689393567,0.5958517980087384,2,2886,0.068076860577261,-0.0245841627738734,0.1444253603661137
23_0nm_02run_2000d.txt,UMAP,2,4,2,0,0,6266,452,1515,0.1908860510640818,,639,760,0.027482144662035,,0.4633177179110864
23_0nm_02run_2000d.txt,UMAP,2,4,3,0,0,6266,39,186,0.2521990240740438,0.64240498109413,545,905,0.0323348038456146,,0.498504023534335
23_0nm_02run_2000d.txt,UMAP,2,4,4,0,0,6266,6,11,0.2745426415506128,0.6765818184864943,431,974,0.0408045004116517,,0.5084156250619286
23_0nm_02run_2000d.txt,UMAP,2,8,4,0,0,6266,6,11,0.2745426415506128,0.6765818184864943,281,651,0.1930245106748659,,0.5093286116995509
23_0nm_02run_2000d.txt,UMAP,2,8,6,0,0,6266,11,151,0.251093992752542,,248,766,0.1896211172756653,,0.5363796175764968
23_0nm_02run_2000d.txt,UMAP,2,8,8,0,0,6266,21,585,0.707248719033339,,206,920,0.2705172890754153,,0.5666960709832483
23_0nm_02run_2000d.txt,UMAP,2,16,8,0,0,6266,14,375,0.6491762561762839,,107,446,0.4577256088355412,,0.5597115123949457
23_0nm_02run_2000d.txt,UMAP,2,16,12,0,0,6266,14,553,0.7197832777543482,,43,250,0.556306905402747,,0.5722499417384426
23_0nm_02run_2000d.txt,UMAP,2,16,16,0,0,6266,16,734,0.6547909473892931,,36,314,0.5565106009067156,,0.5532376569649977
23_0nm_02run_2000d.txt,UMAP,2,32,16,0,0,6266,18,1026,0.5831635481780569,,20,171,0.577956521387105,,0.5258646956576265
23_0nm_02run_2000d.txt,UMAP,2,32,24,0,0,6266,18,1014,0.5781260722707191,,7,0,0.5071198573845487,0.212102399866884,0.2577411792230178
23_0nm_02run_2000d.txt,UMAP,2,32,32,0,0,6266,18,1039,0.5742406864165013,,13,92,0.5930754941280049,,0.5450815819291654
23_0nm_02run_2000d.txt,UMAP,2,64,32,0,0,6266,15,826,0.6356876403222164,,13,92,0.5930754941280049,,0.5450815819291654
23_0nm_02run_2000d.txt,UMAP,2,64,48,0,0,6266,16,1168,0.5444267643881369,,7,0,0.5050499485994888,0.1731079843862972,0.1845772073242515
23_0nm_02run_2000d.txt,UMAP,2,64,64,0,0,6266,5,38,0.2479725520592378,,10,146,0.5947819080020593,0.2644862118001094,0.2890029744509592
23_0nm_02run_2000d.txt,UMAP,2,128,64,0,0,6266,5,38,0.2479725520592378,,9,245,0.5934384599849051,0.3280115718973879,0.4233154281512505
23_0nm_02run_2000d.txt,UMAP,2,128,96,0,0,6266,11,965,0.5267502078344356,,6,0,0.2755956914545091,0.677751907369402,0.43442222433855
23_0nm_02run_2000d.txt,UMAP,2,128,128,0,0,6266,6,387,0.3027365042316693,,5,0,0.1511514336285046,-0.1486456269641752,0.3550561943598216
23_0nm_02run_2000d.txt,UMAP,2,256,128,0,0,6266,6,387,0.3027365042316693,,5,0,0.1511514336285046,-0.1486456269641752,0.3550561943598216
23_0nm_02run_2000d.txt,UMAP,2,256,192,0,0,6266,5,496,0.3172561111782498,0.6029056698028922,7,363,0.3863796646820352,0.1470654449415188,0.330849760209513
23_0nm_02run_2000d.txt,UMAP,2,256,256,0,0,6266,5,634,0.3140216689393567,0.5958517980087384,7,978,0.3588595623130197,0.5260237590307247,0.5548419138947406
23_0nm_02run_2000d.txt,UMAP,3,4,2,0,0,6266,452,1515,0.1908860510640818,,619,731,0.0315482823002221,,0.4685265168134185
23_0nm_02run_2000d.txt,UMAP,3,4,3,0,0,6266,39,186,0.2521990240740438,0.64240498109413,540,942,0.0306108522264315,,0.5015194430629116
23_0nm_02run_2000d.txt,UMAP,3,4,4,0,0,6266,6,11,0.2745426415506128,0.6765818184864943,434,1009,0.0372287163008756,,0.5081240733918296
23_0nm_02run_2000d.txt,UMAP,3,8,4,0,0,6266,6,11,0.2745426415506128,0.6765818184864943,264,571,0.2042857002307142,,0.5282723537896974
23_0nm_02run_2000d.txt,UMAP,3,8,6,0,0,6266,11,151,0.251093992752542,,241,755,0.1976911617308756,,0.545053532873661
23_0nm_02run_2000d.txt,UMAP,3,8,8,0,0,6266,21,585,0.707248719033339,,201,827,0.2171286937042033,,0.547861047312832
23_0nm_02run_2000d.txt,UMAP,3,16,8,0,0,6266,14,375,0.6491762561762839,,92,420,0.506624759901909,,0.5825612167537668
23_0nm_02run_2000d.txt,UMAP,3,16,12,0,0,6266,14,553,0.7197832777543482,,71,553,0.5945652838477731,,0.6787524420261318
23_0nm_02run_2000d.txt,UMAP,3,16,16,0,0,6266,16,734,0.6547909473892931,,50,483,0.6497283360410053,,0.6864447832832941
23_0nm_02run_2000d.txt,UMAP,3,32,16,0,0,6266,18,1026,0.5831635481780569,,13,42,0.5955271969271397,,0.6854412307415261
23_0nm_02run_2000d.txt,UMAP,3,32,24,0,0,6266,18,1014,0.5781260722707191,,15,118,0.5792390722417557,,0.6992126315681526
23_0nm_02run_2000d.txt,UMAP,3,32,32,0,0,6266,18,1039,0.5742406864165013,,14,132,0.5920231336179744,,0.7190590530620125
23_0nm_02run_2000d.txt,UMAP,3,64,32,0,0,6266,15,826,0.6356876403222164,,13,99,0.5972977489657448,0.2444092448899396,0.7117667472038538
23_0nm_02run_2000d.txt,UMAP,3,64,48,0,0,6266,16,1168,0.5444267643881369,,8,0,0.599582834845077,,0.3871377840548103
23_0nm_02run_2000d.txt,UMAP,3,64,64,0,0,6266,5,38,0.2479725520592378,,6,0,0.2755956914545091,0.6777519073694022,0.744569778063059
23_0nm_02run_2000d.txt,UMAP,3,128,64,0,0,6266,5,38,0.2479725520592378,,6,0,0.2755956914545091,0.6777519073694022,0.744569778063059
23_0nm_02run_2000d.txt,UMAP,3,128,96,0,0,6266,11,965,0.5267502078344356,,6,0,0.2755956914545091,0.6777519073694022,0.744569778063059
23_0nm_02run_2000d.txt,UMAP,3,128,128,0,0,6266,6,387,0.3027365042316693,,7,0,0.4857397234080883,-0.0837892039049323,0.1727797951573191
23_0nm_02run_2000d.txt,UMAP,3,256,128,0,0,6266,6,387,0.3027365042316693,,7,0,0.4857397234080883,-0.0837892039049323,0.1727797951573191
23_0nm_02run_2000d.txt,UMAP,3,256,192,0,0,6266,5,496,0.3172561111782498,0.6029056698028922,6,0,0.2755956914545091,0.677751907369402,0.7445697780630591
23_0nm_02run_2000d.txt,UMAP,3,256,256,0,0,6266,5,634,0.3140216689393567,0.5958517980087384,7,553,0.4218572049090001,0.36897873667701,0.5441432689803732
23_0nm_02run_2000d.txt,TriMap,2,4,2,0,0,6266,452,1515,0.1908860510640818,,557,969,0.0334314024008826,,0.4073452926751933
23_0nm_02run_2000d.txt,TriMap,2,4,3,0,0,6266,39,186,0.2521990240740438,0.64240498109413,484,1166,0.031390540343632,,0.4198194218867793
23_0nm_02run_2000d.txt,TriMap,2,4,4,0,0,6266,6,11,0.2745426415506128,0.6765818184864943,388,1288,0.0328647489650521,,0.4180369921153841
23_0nm_02run_2000d.txt,TriMap,2,8,4,0,0,6266,6,11,0.2745426415506128,0.6765818184864943,225,920,0.2658765251910341,,0.4778852574468492
23_0nm_02run_2000d.txt,TriMap,2,8,6,0,0,6266,11,151,0.251093992752542,,194,1012,0.2688484632959259,,0.4894986301187932
23_0nm_02run_2000d.txt,TriMap,2,8,8,0,0,6266,21,585,0.707248719033339,,130,779,0.4260093040524842,,0.2423208896186042
23_0nm_02run_2000d.txt,TriMap,2,16,8,0,0,6266,14,375,0.6491762561762839,,61,379,0.5482337967233035,,0.1996377601570743
23_0nm_02run_2000d.txt,TriMap,2,16,12,0,0,6266,14,553,0.7197832777543482,,5,0,0.2510155376181032,0.6779878402894449,0.7086030835326973
23_0nm_02run_2000d.txt,TriMap,2,16,16,0,0,6266,16,734,0.6547909473892931,,21,337,0.5037291605741666,,0.6251480975799767
23_0nm_02run_2000d.txt,TriMap,2,32,16,0,0,6266,18,1026,0.5831635481780569,,5,0,0.2510155376181032,0.6779878402894449,0.7006400940642272
23_0nm_02run_2000d.txt,TriMap,2,32,24,0,0,6266,18,1014,0.5781260722707191,,9,106,0.5398296827901027,0.2988110306680233,0.5352487991427781
23_0nm_02run_2000d.txt,TriMap,2,32,32,0,0,6266,18,1039,0.5742406864165013,,13,197,0.5798445475008142,,0.2246003320116211
23_0nm_02run_2000d.txt,TriMap,2,64,32,0,0,6266,15,826,0.6356876403222164,,8,118,0.5404574161779762,0.2497364503105845,0.3498775452823044
23_0nm_02run_2000d.txt,TriMap,2,64,48,0,0,6266,16,1168,0.5444267643881369,,8,103,0.539739187289996,0.262195341419387,0.5300028053840883
23_0nm_02run_2000d.txt,TriMap,2,64,64,0,0,6266,5,38,0.2479725520592378,,11,405,0.5601695692023697,0.2470997714387398,0.403121803511462
23_0nm_02run_2000d.txt,TriMap,2,128,64,0,0,6266,5,38,0.2479725520592378,,5,0,0.2510155376181032,0.6779878402894449,0.7695737676542084
23_0nm_02run_2000d.txt,TriMap,2,128,96,0,0,6266,11,965,0.5267502078344356,,7,179,0.3800819533264092,0.404958127754331,0.4240735454897475
23_0nm_02run_2000d.txt,TriMap,2,128,128,0,0,6266,6,387,0.3027365042316693,,7,172,0.3726195150546669,0.2498690980206761,0.2952865622642086
23_0nm_02run_2000d.txt,TriMap,2,256,128,0,0,6266,6,387,0.3027365042316693,,5,51,0.2461069108888515,,0.7554895575693177
23_0nm_02run_2000d.txt,TriMap,2,256,192,0,0,6266,5,496,0.3172561111782498,0.6029056698028922,4,44,0.2385529082527023,0.6560269330126739,0.7131581292354514
23_0nm_02run_2000d.txt,TriMap,2,256,256,0,0,6266,5,634,0.3140216689393567,0.5958517980087384,4,68,0.2376871329649258,0.6538700645518294,0.8003912166401883
23_0nm_02run_2000d.txt,TriMap,3,4,2,0,0,6266,452,1515,0.1908860510640818,,568,913,0.0304066225975467,,0.412876911651015
23_0nm_02run_2000d.txt,TriMap,3,4,3,0,0,6266,39,186,0.2521990240740438,0.64240498109413,444,1122,0.1280032703149549,,0.4111200308643578
23_0nm_02run_2000d.txt,TriMap,3,4,4,0,0,6266,6,11,0.2745426415506128,0.6765818184864943,352,1208,0.1281106482647648,,0.460848085781968
23_0nm_02run_2000d.txt,TriMap,3,8,4,0,0,6266,6,11,0.2745426415506128,0.6765818184864943,222,829,0.2753458486628283,,0.4929008249307182
23_0nm_02run_2000d.txt,TriMap,3,8,6,0,0,6266,11,151,0.251093992752542,,177,890,0.3816375592926455,,0.5260653501391498
23_0nm_02run_2000d.txt,TriMap,3,8,8,0,0,6266,21,585,0.707248719033339,,144,972,0.3927255249512991,,0.5351033430567645
23_0nm_02run_2000d.txt,TriMap,3,16,8,0,0,6266,14,375,0.6491762561762839,,49,335,0.5113990554736747,,0.5089363946587093
23_0nm_02run_2000d.txt,TriMap,3,16,12,0,0,6266,14,553,0.7197832777543482,,32,268,0.5633796008806775,,0.5997922397057981
23_0nm_02run_2000d.txt,TriMap,3,16,16,0,0,6266,16,734,0.6547909473892931,,18,189,0.5350380429291679,,0.6920200396954235
23_0nm_02run_2000d.txt,TriMap,3,32,16,0,0,6266,18,1026,0.5831635481780569,,12,156,0.5226916533013107,,0.5603195957006487
23_0nm_02run_2000d.txt,TriMap,3,32,24,0,0,6266,18,1014,0.5781260722707191,,11,177,0.5368192830992817,,0.712630167123065
23_0nm_02run_2000d.txt,TriMap,3,32,32,0,0,6266,18,1039,0.5742406864165013,,10,150,0.627467177475207,,0.4033350662711267
23_0nm_02run_2000d.txt,TriMap,3,64,32,0,0,6266,15,826,0.6356876403222164,,12,215,0.5860622615210538,,0.4765151719389463
23_0nm_02run_2000d.txt,TriMap,3,64,48,0,0,6266,16,1168,0.5444267643881369,,12,271,0.5894335095010872,,0.2034260278928015
23_0nm_02run_2000d.txt,TriMap,3,64,64,0,0,6266,5,38,0.2479725520592378,,9,178,0.6032969800723389,0.2982358373705067,0.3970885141433204
23_0nm_02run_2000d.txt,TriMap,3,128,64,0,0,6266,5,38,0.2479725520592378,,7,57,0.3871339850457552,0.2001219674527617,0.5956572195238716
23_0nm_02run_2000d.txt,TriMap,3,128,96,0,0,6266,11,965,0.5267502078344356,,7,39,0.5239494892117591,,0.5998676665192113
23_0nm_02run_2000d.txt,TriMap,3,128,128,0,0,6266,6,387,0.3027365042316693,,5,92,0.2426719394610636,0.6834194295176433,0.8526664378722992
23_0nm_02run_2000d.txt,TriMap,3,256,128,0,0,6266,6,387,0.3027365042316693,,6,91,0.3673331256094704,,0.0393836179629545
23_0nm_02run_2000d.txt,TriMap,3,256,192,0,0,6266,5,496,0.3172561111782498,0.6029056698028922,5,219,0.2341029759300326,0.6694483077523541,0.8526176668246108
23_0nm_02run_2000d.txt,TriMap,3,256,256,0,0,6266,5,634,0.3140216689393567,0.5958517980087384,4,71,0.2376450765987941,0.6537852699886634,0.8119460487226028
23_0nm_02run_2000d.txt,PaCMAP,2,4,2,10,0,6266,452,1515,0.1908860510640818,,580,953,0.0301273099335172,,0.3986573588218792
23_0nm_02run_2000d.txt,PaCMAP,2,4,3,10,0,6266,39,186,0.2521990240740438,0.64240498109413,462,1181,0.0363399530714074,,0.4439947819590278
23_0nm_02run_2000d.txt,PaCMAP,2,4,4,10,0,6266,6,11,0.2745426415506128,0.6765818184864943,352,1255,0.0542194841155919,,0.4497624353192473
23_0nm_02run_2000d.txt,PaCMAP,2,8,4,10,0,6266,6,11,0.2745426415506128,0.6765818184864943,224,804,0.2034478530675899,,0.4572292376546167
23_0nm_02run_2000d.txt,PaCMAP,2,8,6,10,0,6266,11,151,0.251093992752542,,211,965,0.1986681104528473,,0.4855365012990377
23_0nm_02run_2000d.txt,PaCMAP,2,8,8,10,0,6266,21,585,0.707248719033339,,186,1159,0.1789761405814387,,0.5098746523513409
23_0nm_02run_2000d.txt,PaCMAP,2,16,8,10,0,6266,14,375,0.6491762561762839,,90,682,0.471425175796605,,0.4416112013914902
23_0nm_02run_2000d.txt,PaCMAP,2,16,12,10,0,6266,14,553,0.7197832777543482,,15,38,0.4719133247157934,,0.2826570614052482
23_0nm_02run_2000d.txt,PaCMAP,2,16,16,10,0,6266,16,734,0.6547909473892931,,30,345,0.5474996079930284,,0.5125691579606647
23_0nm_02run_2000d.txt,PaCMAP,2,32,16,10,0,6266,18,1026,0.5831635481780569,,13,130,0.6145379475605813,,0.4530430999117203
23_0nm_02run_2000d.txt,PaCMAP,2,32,24,10,0,6266,18,1014,0.5781260722707191,,11,70,0.5997961076945939,,0.3826804496089216
23_0nm_02run_2000d.txt,PaCMAP,2,32,32,10,0,6266,18,1039,0.5742406864165013,,9,1,0.5709612677587244,,0.0740587540971085
23_0nm_02run_2000d.txt,PaCMAP,2,64,32,10,0,6266,15,826,0.6356876403222164,,11,75,0.7052697561944974,,0.1621042661746885
23_0nm_02run_2000d.txt,PaCMAP,2,64,48,10,0,6266,16,1168,0.5444267643881369,,10,115,0.6043692382271868,,0.3394543696888238
23_0nm_02run_2000d.txt,PaCMAP,2,64,64,10,0,6266,5,38,0.2479725520592378,,10,145,0.5974413346648347,0.1881289116917111,0.372940415241256
23_0nm_02run_2000d.txt,PaCMAP,2,128,64,10,0,6266,5,38,0.2479725520592378,,10,145,0.5974413346648347,0.1881289116917111,0.372940415241256
23_0nm_02run_2000d.txt,PaCMAP,2,128,96,10,0,6266,11,965,0.5267502078344356,,8,106,0.4976179200355369,,0.3129856848748791
23_0nm_02run_2000d.txt,PaCMAP,2,128,128,10,0,6266,6,387,0.3027365042316693,,9,310,0.6045767450884323,0.3370883654719573,0.3949865042853323
23_0nm_02run_2000d.txt,PaCMAP,2,256,128,10,0,6266,6,387,0.3027365042316693,,9,310,0.6045767450884323,0.3370883654719573,0.3949865042853323
23_0nm_02run_2000d.txt,PaCMAP,2,256,192,10,0,6266,5,496,0.3172561111782498,0.6029056698028922,8,1269,0.499830636777144,0.4908216120963689,0.553003342253816
23_0nm_02run_2000d.txt,PaCMAP,2,256,256,10,0,6266,5,634,0.3140216689393567,0.5958517980087384,9,1378,0.5056558886044799,,0.3305478962664512
23_0nm_02run_2000d.txt,PaCMAP,3,4,2,10,0,6266,452,1515,0.1908860510640818,,577,967,0.0303224832918061,,0.4049548022138807
23_0nm_02run_2000d.txt,PaCMAP,3,4,3,10,0,6266,39,186,0.2521990240740438,0.64240498109413,473,1222,0.0308903025635298,,0.4308482671624639
23_0nm_02run_2000d.txt,PaCMAP,3,4,4,10,0,6266,6,11,0.2745426415506128,0.6765818184864943,333,1134,0.1532496185917523,,0.5143249640999245
23_0nm_02run_2000d.txt,PaCMAP,3,8,4,10,0,6266,6,11,0.2745426415506128,0.6765818184864943,227,897,0.1857578192350097,,0.5055934694419019
23_0nm_02run_2000d.txt,PaCMAP,3,8,6,10,0,6266,11,151,0.251093992752542,,210,966,0.1832543058349833,,0.5100536513711688
23_0nm_02run_2000d.txt,PaCMAP,3,8,8,10,0,6266,21,585,0.707248719033339,,149,877,0.3891509084466586,,0.6091051232796344
23_0nm_02run_2000d.txt,PaCMAP,3,16,8,10,0,6266,14,375,0.6491762561762839,,104,750,0.4225650387301494,,0.5758867943292748
23_0nm_02run_2000d.txt,PaCMAP,3,16,12,10,0,6266,14,553,0.7197832777543482,,77,812,0.4911406172626888,,0.623863902894882
23_0nm_02run_2000d.txt,PaCMAP,3,16,16,10,0,6266,16,734,0.6547909473892931,,35,487,0.5468979613938747,,0.7221914991353943
23_0nm_02run_2000d.txt,PaCMAP,3,32,16,10,0,6266,18,1026,0.5831635481780569,,16,143,0.5972629344710759,,0.6761634429568214
23_0nm_02run_2000d.txt,PaCMAP,3,32,24,10,0,6266,18,1014,0.5781260722707191,,6,0,0.2754616714941084,0.6777537863632966,0.8245341815891379
23_0nm_02run_2000d.txt,PaCMAP,3,32,32,10,0,6266,18,1039,0.5742406864165013,,6,0,0.2754616714941084,0.6777537863632966,0.824534181589138
23_0nm_02run_2000d.txt,PaCMAP,3,64,32,10,0,6266,15,826,0.6356876403222164,,6,0,0.2754616714941084,0.6777537863632966,0.824534181589138
23_0nm_02run_2000d.txt,PaCMAP,3,64,48,10,0,6266,16,1168,0.5444267643881369,,7,0,0.2690054847433624,,0.6012001869270589
23_0nm_02run_2000d.txt,PaCMAP,3,64,64,10,0,6266,5,38,0.2479725520592378,,11,67,0.6087644650453998,,0.3018942438581661
23_0nm_02run_2000d.txt,PaCMAP,3,128,64,10,0,6266,5,38,0.2479725520592378,,13,158,0.7832322262307677,,0.388143418198796
23_0nm_02run_2000d.txt,PaCMAP,3,128,96,10,0,6266,11,965,0.5267502078344356,,6,0,0.2754616714941084,0.6777537863632966,0.8245341815891379
23_0nm_02run_2000d.txt,PaCMAP,3,128,128,10,0,6266,6,387,0.3027365042316693,,6,0,0.2754616714941084,0.6777537863632966,0.824534181589138
23_0nm_02run_2000d.txt,PaCMAP,3,256,128,10,0,6266,6,387,0.3027365042316693,,6,0,0.2754616714941084,0.6777537863632966,0.824534181589138
23_0nm_02run_2000d.txt,PaCMAP,3,256,192,10,0,6266,5,496,0.3172561111782498,0.6029056698028922,6,0,0.2754616714941084,0.6777537863632966,0.824534181589138
23_0nm_02run_2000d.txt,PaCMAP,3,256,256,10,0,6266,5,634,0.3140216689393567,0.5958517980087384,6,88,0.2713316703744379,0.6684992814015012,0.8140588890395198
20_0nm_04run_1000d.txt,tSNE,2,4,2,0,0,5082,344,1151,0.2325907510334145,,441,622,0.0461718892859827,,0.3187609246747461
20_0nm_04run_1000d.txt,tSNE,2,4,3,0,0,5082,133,740,0.5785401145640069,,242,534,0.370728254139806,,0.4222530474631508
20_0nm_04run_1000d.txt,tSNE,2,4,4,0,0,5082,91,737,0.5814885608467069,,78,271,0.653547471255718,,0.4209767990270911
20_0nm_04run_1000d.txt,tSNE,2,8,4,0,0,5082,17,137,0.7376370683184487,,41,124,0.658608346351182,,0.3481955286456865
20_0nm_04run_1000d.txt,tSNE,2,8,6,0,0,5082,15,158,0.740587924039839,0.6127220109281947,22,51,0.7087953414429778,0.2362886846682782,0.3125839698022131
20_0nm_04run_1000d.txt,tSNE,2,8,8,0,0,5082,18,302,0.7030720956394928,0.6109040102166834,13,6,0.7023590459226717,0.1303240473600632,0.2397177146498108
20_0nm_04run_1000d.txt,tSNE,2,16,8,0,0,5082,15,308,0.7031879060629685,0.6292306678505466,11,0,0.7040346148910064,0.1257213045635385,0.2489220608899744
20_0nm_04run_1000d.txt,tSNE,2,16,12,0,0,5082,12,268,0.7102719016891351,,11,5,0.7041769277307488,0.126469858206369,0.2495222950465866
20_0nm_04run_1000d.txt,tSNE,2,16,16,0,0,5082,13,305,0.7049200944160324,,9,0,0.6251687825467763,0.2823421040884568,0.4115316348343341
20_0nm_04run_1000d.txt,tSNE,2,32,16,0,0,5082,11,277,0.7112620594799309,,9,0,0.6251687825467763,0.2823421040884568,0.4115316348343341
20_0nm_04run_1000d.txt,tSNE,2,32,24,0,0,5082,11,355,0.7025497591964378,0.6585376547573116,9,0,0.6251687825467763,0.2823421040884569,0.4115316348343341
20_0nm_04run_1000d.txt,tSNE,2,32,32,0,0,5082,11,370,0.6974483552067312,,10,0,0.6172017073100002,-0.0548336710270337,0.3152524787112628
20_0nm_04run_1000d.txt,tSNE,2,64,32,0,0,5082,9,451,0.6974757136039169,,10,0,0.6172017073100002,-0.0548336710270337,0.3152524787112628
20_0nm_04run_1000d.txt,tSNE,2,64,48,0,0,5082,7,281,0.6767756646575572,,9,11,0.6243880894763135,0.2935231552784779,0.4117367468829444
20_0nm_04run_1000d.txt,tSNE,2,64,64,0,0,5082,7,322,0.6749521544142465,,8,12,0.6451795468864171,0.3096937575973237,0.4248643099903972
20_0nm_04run_1000d.txt,tSNE,2,128,64,0,0,5082,6,86,0.6094525218292376,,8,12,0.6451795468864171,0.3096937575973237,0.4248643099903972
20_0nm_04run_1000d.txt,tSNE,2,128,96,0,0,5082,6,126,0.6048357847618299,,6,27,0.5674522290291996,0.0623789864956135,0.4332901437491235
20_0nm_04run_1000d.txt,tSNE,2,128,128,0,0,5082,6,161,0.598928718034988,,7,386,0.6210083259775926,0.096573531216024,0.2894952602543812
20_0nm_04run_1000d.txt,tSNE,2,256,128,0,0,5082,6,161,0.598928718034988,,7,386,0.6210083259775926,0.096573531216024,0.2894952602543812
20_0nm_04run_1000d.txt,tSNE,2,256,192,0,0,5082,6,236,0.5877167966693442,0.6066776527189701,7,1155,0.4613830304131441,,0.4277336879780407
20_0nm_04run_1000d.txt,tSNE,2,256,256,0,0,5082,6,365,0.5714771044521678,0.5928194215461045,2,473,0.0312506050416278,-0.4959508034688084,0.2628891297632929
20_0nm_04run_1000d.txt,tSNE,3,4,2,0,0,5082,344,1151,0.2325907510334145,,378,621,0.3126267171450342,,0.4313560997554465
20_0nm_04run_1000d.txt,tSNE,3,4,3,0,0,5082,133,740,0.5785401145640069,,187,470,0.5359310860901896,,0.4486507189773843
20_0nm_04run_1000d.txt,tSNE,3,4,4,0,0,5082,91,737,0.5814885608467069,,49,150,0.5993134468011756,,0.4737565778094227
20_0nm_04run_1000d.txt,tSNE,3,8,4,0,0,5082,17,137,0.7376370683184487,,11,1,0.6444737746920192,0.399611578574006,0.4235842137031938
20_0nm_04run_1000d.txt,tSNE,3,8,6,0,0,5082,15,158,0.740587924039839,0.6127220109281947,7,0,0.6665676689740008,0.4306417538859616,0.4904870119173421
20_0nm_04run_1000d.txt,tSNE,3,8,8,0,0,5082,18,302,0.7030720956394928,0.6109040102166834,7,0,0.6665676689740008,0.4306417538859616,0.4904870119173421
20_0nm_04run_1000d.txt,tSNE,3,16,8,0,0,5082,15,308,0.7031879060629685,0.6292306678505466,7,0,0.6665676689740008,0.4306417538859616,0.4904870119173421
20_0nm_04run_1000d.txt,tSNE,3,16,12,0,0,5082,12,268,0.7102719016891351,,7,0,0.6665676689740008,0.4306417538859616,0.4904870119173421
20_0nm_04run_1000d.txt,tSNE,3,16,16,0,0,5082,13,305,0.7049200944160324,,7,0,0.6665676689740008,0.4306417538859616,0.4904870119173421
20_0nm_04run_1000d.txt,tSNE,3,32,16,0,0,5082,11,277,0.7112620594799309,,7,0,0.6665676689740008,0.4306417538859616,0.4904870119173421
20_0nm_04run_1000d.txt,tSNE,3,32,24,0,0,5082,11,355,0.7025497591964378,0.6585376547573116,7,0,0.6665676689740008,0.4306417538859616,0.4904870119173421
20_0nm_04run_1000d.txt,tSNE,3,32,32,0,0,5082,11,370,0.6974483552067312,,7,0,0.6665676689740008,0.4306417538859616,0.4904870119173421
20_0nm_04run_1000d.txt,tSNE,3,64,32,0,0,5082,9,451,0.6974757136039169,,7,0,0.6665676689740008,0.4306417538859616,0.4904870119173421
20_0nm_04run_1000d.txt,tSNE,3,64,48,0,0,5082,7,281,0.6767756646575572,,7,4,0.6658071264254405,0.4304828511135652,0.4902153328426133
20_0nm_04run_1000d.txt,tSNE,3,64,64,0,0,5082,7,322,0.6749521544142465,,7,38,0.6604545365729593,0.4323845848355394,0.4878273724277677
20_0nm_04run_1000d.txt,tSNE,3,128,64,0,0,5082,6,86,0.6094525218292376,,7,38,0.6604545365729593,0.4323845848355394,0.4878273724277677
20_0nm_04run_1000d.txt,tSNE,3,128,96,0,0,5082,6,126,0.6048357847618299,,8,423,0.7116137494864606,0.5508798396602822,0.5024495213241108
20_0nm_04run_1000d.txt,tSNE,3,128,128,0,0,5082,6,161,0.598928718034988,,8,1034,0.5569640678725585,0.6071304445103989,0.4168137004902017
20_0nm_04run_1000d.txt,tSNE,3,256,128,0,0,5082,6,161,0.598928718034988,,8,1034,0.5569640678725585,0.6071304445103989,0.4168137004902017
20_0nm_04run_1000d.txt,tSNE,3,256,192,0,0,5082,6,236,0.5877167966693442,0.6066776527189701,2,1816,0.102453951286622,0.0688830508075118,-0.0111544247747531
20_0nm_04run_1000d.txt,tSNE,3,256,256,0,0,5082,6,365,0.5714771044521678,0.5928194215461045,0,5082,0.0,0.0,0.0
20_0nm_04run_1000d.txt,UMAP,2,4,2,0,0,5082,344,1151,0.2325907510334145,,507,577,0.029159268873283,,0.4744449871141172
20_0nm_04run_1000d.txt,UMAP,2,4,3,0,0,5082,133,740,0.5785401145640069,,435,710,0.031609625669876,,0.4947717200615484
20_0nm_04run_1000d.txt,UMAP,2,4,4,0,0,5082,91,737,0.5814885608467069,,355,749,0.0352306134841416,,0.5054757539677313
20_0nm_04run_1000d.txt,UMAP,2,8,4,0,0,5082,17,137,0.7376370683184487,,248,548,0.062039517497186,,0.4724986542600588
20_0nm_04run_1000d.txt,UMAP,2,8,6,0,0,5082,15,158,0.740587924039839,0.6127220109281947,213,647,0.0668808297450217,,0.48422515208004
20_0nm_04run_1000d.txt,UMAP,2,8,8,0,0,5082,18,302,0.7030720956394928,0.6109040102166834,189,784,0.0704320823765791,,0.5107612306617664
20_0nm_04run_1000d.txt,UMAP,2,16,8,0,0,5082,15,308,0.7031879060629685,0.6292306678505466,90,323,0.3998388119507344,,0.5363606916527258
20_0nm_04run_1000d.txt,UMAP,2,16,12,0,0,5082,12,268,0.7102719016891351,,61,283,0.5746637739433482,,0.5986568599910467
20_0nm_04run_1000d.txt,UMAP,2,16,16,0,0,5082,13,305,0.7049200944160324,,24,113,0.7631863267945838,,0.7059766092320752
20_0nm_04run_1000d.txt,UMAP,2,32,16,0,0,5082,11,277,0.7112620594799309,,9,0,0.7714186733908861,,0.6993192860966715
20_0nm_04run_1000d.txt,UMAP,2,32,24,0,0,5082,11,355,0.7025497591964378,0.6585376547573116,9,0,0.7714186733908861,,0.6993192860966713
20_0nm_04run_1000d.txt,UMAP,2,32,32,0,0,5082,11,370,0.6974483552067312,,9,0,0.7714186733908861,,0.6993192860966715
20_0nm_04run_1000d.txt,UMAP,2,64,32,0,0,5082,9,451,0.6974757136039169,,9,0,0.7714186733908861,,0.6993192860966715
20_0nm_04run_1000d.txt,UMAP,2,64,48,0,0,5082,7,281,0.6767756646575572,,9,1,0.782678160592682,,0.6805054854792748
20_0nm_04run_1000d.txt,UMAP,2,64,64,0,0,5082,7,322,0.6749521544142465,,8,8,0.7918740260348438,,0.7151246322545353
20_0nm_04run_1000d.txt,UMAP,2,128,64,0,0,5082,6,86,0.6094525218292376,,8,8,0.7918740260348438,,0.7151246322545353
20_0nm_04run_1000d.txt,UMAP,2,128,96,0,0,5082,6,126,0.6048357847618299,,8,0,0.7901999725739869,,0.7161020314155533
20_0nm_04run_1000d.txt,UMAP,2,128,128,0,0,5082,6,161,0.598928718034988,,8,42,0.7856983089736991,,0.7552725699005722
20_0nm_04run_1000d.txt,UMAP,2,256,128,0,0,5082,6,161,0.598928718034988,,8,42,0.7856983089736991,,0.7552725699005722
20_0nm_04run_1000d.txt,UMAP,2,256,192,0,0,5082,6,236,0.5877167966693442,0.6066776527189701,8,252,0.7480447269832506,,0.7493375882311162
20_0nm_04run_1000d.txt,UMAP,2,256,256,0,0,5082,6,365,0.5714771044521678,0.5928194215461045,8,633,0.6626649703817973,,0.7190288857364457
20_0nm_04run_1000d.txt,UMAP,3,4,2,0,0,5082,344,1151,0.2325907510334145,,498,612,0.0283150391136289,,0.4842041349345206
20_0nm_04run_1000d.txt,UMAP,3,4,3,0,0,5082,133,740,0.5785401145640069,,433,696,0.0376829283685472,,0.5067131523245217
20_0nm_04run_1000d.txt,UMAP,3,4,4,0,0,5082,91,737,0.5814885608467069,,349,808,0.0350479794572761,,0.5115547971320221
20_0nm_04run_1000d.txt,UMAP,3,8,4,0,0,5082,17,137,0.7376370683184487,,230,518,0.0707223330599229,,0.497331039223673
20_0nm_04run_1000d.txt,UMAP,3,8,6,0,0,5082,15,158,0.740587924039839,0.6127220109281947,216,675,0.0685909396204679,,0.5220925288580757
20_0nm_04run_1000d.txt,UMAP,3,8,8,0,0,5082,18,302,0.7030720956394928,0.6109040102166834,192,881,0.0656632871357786,,0.5186991326378791
20_0nm_04run_1000d.txt,UMAP,3,16,8,0,0,5082,15,308,0.7031879060629685,0.6292306678505466,68,238,0.537577219266805,,0.6701485329927572
20_0nm_04run_1000d.txt,UMAP,3,16,12,0,0,5082,12,268,0.7102719016891351,,45,189,0.6827794081793894,,0.7328999361646178
20_0nm_04run_1000d.txt,UMAP,3,16,16,0,0,5082,13,305,0.7049200944160324,,9,4,0.6477351907113188,,0.8742555963872594
20_0nm_04run_1000d.txt,UMAP,3,32,16,0,0,5082,11,277,0.7112620594799309,,8,0,0.6484736320470375,,0.8776746866966914
20_0nm_04run_1000d.txt,UMAP,3,32,24,0,0,5082,11,355,0.7025497591964378,0.6585376547573116,8,0,0.6484736320470375,,0.8776746866966914
20_0nm_04run_1000d.txt,UMAP,3,32,32,0,0,5082,11,370,0.6974483552067312,,8,0,0.6484736320470375,,0.8776746866966914
20_0nm_04run_1000d.txt,UMAP,3,64,32,0,0,5082,9,451,0.6974757136039169,,8,0,0.6484736320470375,,0.8776746866966914
20_0nm_04run_1000d.txt,UMAP,3,64,48,0,0,5082,7,281,0.6767756646575572,,8,0,0.6484736320470375,,0.8776746866966914
20_0nm_04run_1000d.txt,UMAP,3,64,64,0,0,5082,7,322,0.6749521544142465,,8,0,0.6484736320470375,,0.8776746866966914
20_0nm_04run_1000d.txt,UMAP,3,128,64,0,0,5082,6,86,0.6094525218292376,,7,0,0.6662644466914744,,0.8582738041441533
20_0nm_04run_1000d.txt,UMAP,3,128,96,0,0,5082,6,126,0.6048357847618299,,7,0,0.6662644466914744,,0.8582738041441533
20_0nm_04run_1000d.txt,UMAP,3,128,128,0,0,5082,6,161,0.598928718034988,,7,0,0.6662644466914744,,0.8582738041441533
20_0nm_04run_1000d.txt,UMAP,3,256,128,0,0,5082,6,161,0.598928718034988,,7,0,0.6662644466914744,,0.8582738041441533
20_0nm_04run_1000d.txt,UMAP,3,256,192,0,0,5082,6,236,0.5877167966693442,0.6066776527189701,8,190,0.7618096495714,,0.8338492564782071
20_0nm_04run_1000d.txt,UMAP,3,256,256,0,0,5082,6,365,0.5714771044521678,0.5928194215461045,8,265,0.739587888484108,,0.8149859631577472
20_0nm_04run_1000d.txt,TriMap,2,4,2,0,0,5082,344,1151,0.2325907510334145,,455,697,0.029846871218242,,0.4128659420534188
20_0nm_04run_1000d.txt,TriMap,2,4,3,0,0,5082,133,740,0.5785401145640069,,373,877,0.0310500388548453,,0.4348077073793807
20_0nm_04run_1000d.txt,TriMap,2,4,4,0,0,5082,91,737,0.5814885608467069,,310,1058,0.0321345700012316,,0.445327592059107
20_0nm_04run_1000d.txt,TriMap,2,8,4,0,0,5082,17,137,0.7376370683184487,,223,839,0.0546147406226401,,0.4361557029589673
20_0nm_04run_1000d.txt,TriMap,2,8,6,0,0,5082,15,158,0.740587924039839,0.6127220109281947,119,554,0.4573246428271573,,0.5873741645096154
20_0nm_04run_1000d.txt,TriMap,2,8,8,0,0,5082,18,302,0.7030720956394928,0.6109040102166834,48,237,0.545503662046488,,0.6464785180757849
20_0nm_04run_1000d.txt,TriMap,2,16,8,0,0,5082,15,308,0.7031879060629685,0.6292306678505466,21,58,0.6248411495482683,0.3626961194202619,0.6708639034197357
20_0nm_04run_1000d.txt,TriMap,2,16,12,0,0,5082,12,268,0.7102719016891351,,7,0,0.6665676689740008,0.4306417538859617,0.6661226811428417
20_0nm_04run_1000d.txt,TriMap,2,16,16,0,0,5082,13,305,0.7049200944160324,,9,0,0.6520792972687627,-0.012051042143597,0.4031624770325704
20_0nm_04run_1000d.txt,TriMap,2,32,16,0,0,5082,11,277,0.7112620594799309,,9,7,0.6550746556040783,0.2252208314053655,0.5046011807842481
20_0nm_04run_1000d.txt,TriMap,2,32,24,0,0,5082,11,355,0.7025497591964378,0.6585376547573116,9,13,0.6548281843450933,0.2417439243778991,0.4765687912950536
20_0nm_04run_1000d.txt,TriMap,2,32,32,0,0,5082,11,370,0.6974483552067312,,8,0,0.659283677280091,0.1795222842962158,0.4238637263228323
20_0nm_04run_1000d.txt,TriMap,2,64,32,0,0,5082,9,451,0.6974757136039169,,7,0,0.6660493056348364,0.4305267096121497,0.6747605487041568
20_0nm_04run_1000d.txt,TriMap,2,64,48,0,0,5082,7,281,0.6767756646575572,,7,0,0.6665676689740008,0.4306417538859617,0.6863949640592655
20_0nm_04run_1000d.txt,TriMap,2,64,64,0,0,5082,7,322,0.6749521544142465,,7,0,0.5831726206904155,0.2881708174789044,0.5355286402814641
20_0nm_04run_1000d.txt,TriMap,2,128,64,0,0,5082,6,86,0.6094525218292376,,8,77,0.7662759874274612,,0.595526753694533
20_0nm_04run_1000d.txt,TriMap,2,128,96,0,0,5082,6,126,0.6048357847618299,,7,70,0.6906496781664059,0.4378531235392333,0.4748084575363098
20_0nm_04run_1000d.txt,TriMap,2,128,128,0,0,5082,6,161,0.598928718034988,,7,34,0.6938019534040879,0.4893081010122917,0.5699387419421806
20_0nm_04run_1000d.txt,TriMap,2,256,128,0,0,5082,6,161,0.598928718034988,,7,0,0.699769831767738,0.3930056767150098,0.5059594774429446
20_0nm_04run_1000d.txt,TriMap,2,256,192,0,0,5082,6,236,0.5877167966693442,0.6066776527189701,5,0,0.4932418181244232,0.6980265133868597,0.7587606903804684
20_0nm_04run_1000d.txt,TriMap,2,256,256,0,0,5082,6,365,0.5714771044521678,0.5928194215461045,4,22,0.4225147657946268,0.6064661848058797,0.7309690636129211
20_0nm_04run_1000d.txt,TriMap,3,4,2,0,0,5082,344,1151,0.2325907510334145,,450,770,0.0296671035819415,,0.4076571010485832
20_0nm_04run_1000d.txt,TriMap,3,4,3,0,0,5082,133,740,0.5785401145640069,,381,934,0.0347383873775683,,0.428042504963318
20_0nm_04run_1000d.txt,TriMap,3,4,4,0,0,5082,91,737,0.5814885608467069,,267,875,0.146974474508379,,0.4983604596518199
20_0nm_04run_1000d.txt,TriMap,3,8,4,0,0,5082,17,137,0.7376370683184487,,181,614,0.2148680648858395,,0.3566933767507846
20_0nm_04run_1000d.txt,TriMap,3,8,6,0,0,5082,15,158,0.740587924039839,0.6127220109281947,137,622,0.3634627031084172,,0.5728873292228592
20_0nm_04run_1000d.txt,TriMap,3,8,8,0,0,5082,18,302,0.7030720956394928,0.6109040102166834,106,530,0.461171759214586,,0.5725508499538584
20_0nm_04run_1000d.txt,TriMap,3,16,8,0,0,5082,15,308,0.7031879060629685,0.6292306678505466,41,195,0.4951071768975577,,0.7360455607887231
20_0nm_04run_1000d.txt,TriMap,3,16,12,0,0,5082,12,268,0.7102719016891351,,19,106,0.624322700898678,0.356295323494454,0.7554773254342461
20_0nm_04run_1000d.txt,TriMap,3,16,16,0,0,5082,13,305,0.7049200944160324,,19,195,0.5936722189480126,0.3090255012795531,0.6721776528908902
20_0nm_04run_1000d.txt,TriMap,3,32,16,0,0,5082,11,277,0.7112620594799309,,8,0,0.6594198676708941,0.1245012337730791,0.3931680694608207
20_0nm_04run_1000d.txt,TriMap,3,32,24,0,0,5082,11,355,0.7025497591964378,0.6585376547573116,7,0,0.6660493056348364,0.4305267096121497,0.7888677512277523
20_0nm_04run_1000d.txt,TriMap,3,32,32,0,0,5082,11,370,0.6974483552067312,,6,0,0.6031498307296113,0.4592406927517596,0.789636241725726
20_0nm_04run_1000d.txt,TriMap,3,64,32,0,0,5082,9,451,0.6974757136039169,,6,0,0.6036168148058592,0.4593557370255716,0.8085811705826688
20_0nm_04run_1000d.txt,TriMap,3,64,48,0,0,5082,7,281,0.6767756646575572,,6,0,0.6031498307296113,0.4592406927517596,0.7980435773566181
20_0nm_04run_1000d.txt,TriMap,3,64,64,0,0,5082,7,322,0.6749521544142465,,7,63,0.6878903610970768,0.5159955368375441,0.758622971619152
20_0nm_04run_1000d.txt,TriMap,3,128,64,0,0,5082,6,86,0.6094525218292376,,7,40,0.6883574469509476,0.5068904535868466,0.6954872191623053
20_0nm_04run_1000d.txt,TriMap,3,128,96,0,0,5082,6,126,0.6048357847618299,,5,0,0.4932418181244232,0.6980265133868597,0.8114066662657695
20_0nm_04run_1000d.txt,TriMap,3,128,128,0,0,5082,6,161,0.598928718034988,,7,0,0.7001638123140799,0.3931655950260861,0.6417832602912896
20_0nm_04run_1000d.txt,TriMap,3,256,128,0,0,5082,6,161,0.598928718034988,,6,0,0.6182104982446074,0.3231213747746954,0.3277578079518793
20_0nm_04run_1000d.txt,TriMap,3,256,192,0,0,5082,6,236,0.5877167966693442,0.6066776527189701,5,18,0.491697975162391,0.6995574102308247,0.8005184904142842
20_0nm_04run_1000d.txt,TriMap,3,256,256,0,0,5082,6,365,0.5714771044521678,0.5928194215461045,5,113,0.4820637221365234,0.730558156273088,0.8041733529409528
20_0nm_04run_1000d.txt,PaCMAP,2,4,2,10,0,5082,344,1151,0.2325907510334145,,455,782,0.028223071441667,,0.4216497596359809
20_0nm_04run_1000d.txt,PaCMAP,2,4,3,10,0,5082,133,740,0.5785401145640069,,400,1035,0.0299103794056261,,0.444059031500664
20_0nm_04run_1000d.txt,PaCMAP,2,4,4,10,0,5082,91,737,0.5814885608467069,,309,1007,0.0370397411376442,,0.4451734254961165
20_0nm_04run_1000d.txt,PaCMAP,2,8,4,10,0,5082,17,137,0.7376370683184487,,216,747,0.0634866678372668,,0.4335157000363815
20_0nm_04run_1000d.txt,PaCMAP,2,8,6,10,0,5082,15,158,0.740587924039839,0.6127220109281947,196,997,0.059058789624812,,0.429391522854715
20_0nm_04run_1000d.txt,PaCMAP,2,8,8,10,0,5082,18,302,0.7030720956394928,0.6109040102166834,133,858,0.2840682454383615,,0.5043333135041567
20_0nm_04run_1000d.txt,PaCMAP,2,16,8,10,0,5082,15,308,0.7031879060629685,0.6292306678505466,33,207,0.5486850774036967,0.3465178168164431,0.6036525268433398
20_0nm_04run_1000d.txt,PaCMAP,2,16,12,10,0,5082,12,268,0.7102719016891351,,14,29,0.6330447019835234,0.2431055606035405,0.4477510567333391
20_0nm_04run_1000d.txt,PaCMAP,2,16,16,10,0,5082,13,305,0.7049200944160324,,10,11,0.6544406537183322,0.2040608209364554,0.4902313115940801
20_0nm_04run_1000d.txt,PaCMAP,2,32,16,10,0,5082,11,277,0.7112620594799309,,9,8,0.6550569899734248,0.195678560275623,0.4881170566677448
20_0nm_04run_1000d.txt,PaCMAP,2,32,24,10,0,5082,11,355,0.7025497591964378,0.6585376547573116,7,0,0.6665676689740008,0.4306417538859616,0.6687574835431453
20_0nm_04run_1000d.txt,PaCMAP,2,32,32,10,0,5082,11,370,0.6974483552067312,,7,0,0.6665676689740008,0.4306417538859616,0.6687574835431453
20_0nm_04run_1000d.txt,PaCMAP,2,64,32,10,0,5082,9,451,0.6974757136039169,,7,0,0.6665676689740008,0.4306417538859616,0.6687574835431453
20_0nm_04run_1000d.txt,PaCMAP,2,64,48,10,0,5082,7,281,0.6767756646575572,,7,0,0.6665676689740008,0.4306417538859616,0.6687574835431453
20_0nm_04run_1000d.txt,PaCMAP,2,64,64,10,0,5082,7,322,0.6749521544142465,,7,0,0.6665676689740008,0.4306417538859616,0.6687574835431452
20_0nm_04run_1000d.txt,PaCMAP,2,128,64,10,0,5082,6,86,0.6094525218292376,,7,0,0.6665676689740008,0.4306417538859616,0.6687574835431452
20_0nm_04run_1000d.txt,PaCMAP,2,128,96,10,0,5082,6,126,0.6048357847618299,,7,0,0.6665676689740008,0.4306417538859616,0.6687574835431452
20_0nm_04run_1000d.txt,PaCMAP,2,128,128,10,0,5082,6,161,0.598928718034988,,7,19,0.6631626927036166,0.4282817180239701,0.6739278963446339
20_0nm_04run_1000d.txt,PaCMAP,2,256,128,10,0,5082,6,161,0.598928718034988,,7,19,0.6631626927036166,0.4282817180239701,0.6739278963446339
20_0nm_04run_1000d.txt,PaCMAP,2,256,192,10,0,5082,6,236,0.5877167966693442,0.6066776527189701,8,406,0.7110262264750772,,0.6885182721778385
20_0nm_04run_1000d.txt,PaCMAP,2,256,256,10,0,5082,6,365,0.5714771044521678,0.5928194215461045,8,750,0.6166255838859407,0.5201087130835789,0.6449707707143264
20_0nm_04run_1000d.txt,PaCMAP,3,4,2,10,0,5082,344,1151,0.2325907510334145,,466,804,0.0258194388215239,,0.4293006011407452
20_0nm_04run_1000d.txt,PaCMAP,3,4,3,10,0,5082,133,740,0.5785401145640069,,397,1023,0.0301545912216244,,0.436582993255637
20_0nm_04run_1000d.txt,PaCMAP,3,4,4,10,0,5082,91,737,0.5814885608467069,,319,1055,0.0335621972350198,,0.4587623948317583
20_0nm_04run_1000d.txt,PaCMAP,3,8,4,10,0,5082,17,137,0.7376370683184487,,221,819,0.0580645018881273,,0.4360552474573971
20_0nm_04run_1000d.txt,PaCMAP,3,8,6,10,0,5082,15,158,0.740587924039839,0.6127220109281947,194,1005,0.0598491412517731,,0.452241330149021
20_0nm_04run_1000d.txt,PaCMAP,3,8,8,10,0,5082,18,302,0.7030720956394928,0.6109040102166834,137,920,0.2773048314013276,,0.5484613821612369
20_0nm_04run_1000d.txt,PaCMAP,3,16,8,10,0,5082,15,308,0.7031879060629685,0.6292306678505466,33,215,0.5487921689137297,0.3521358165995125,0.7588767740557346
20_0nm_04run_1000d.txt,PaCMAP,3,16,12,10,0,5082,12,268,0.7102719016891351,,7,0,0.6665676689740008,0.4306417538859616,0.8548627546484616
20_0nm_04run_1000d.txt,PaCMAP,3,16,16,10,0,5082,13,305,0.7049200944160324,,11,24,0.7506570266775393,,0.6490193718146066
20_0nm_04run_1000d.txt,PaCMAP,3,32,16,10,0,5082,11,277,0.7112620594799309,,11,24,0.7506570266775393,,0.6490193718146066
20_0nm_04run_1000d.txt,PaCMAP,3,32,24,10,0,5082,11,355,0.7025497591964378,0.6585376547573116,7,0,0.6665676689740008,0.4306417538859617,0.8548627546484616
20_0nm_04run_1000d.txt,PaCMAP,3,32,32,10,0,5082,11,370,0.6974483552067312,,7,0,0.6665676689740008,0.4306417538859616,0.8548627546484616
20_0nm_04run_1000d.txt,PaCMAP,3,64,32,10,0,5082,9,451,0.6974757136039169,,7,0,0.6665676689740008,0.4306417538859616,0.8548627546484616
20_0nm_04run_1000d.txt,PaCMAP,3,64,48,10,0,5082,7,281,0.6767756646575572,,8,0,0.659283677280091,0.1795222842962158,0.6582923696665334
20_0nm_04run_1000d.txt,PaCMAP,3,64,64,10,0,5082,7,322,0.6749521544142465,,7,0,0.6665676689740008,0.4306417538859617,0.8548627546484616
20_0nm_04run_1000d.txt,PaCMAP,3,128,64,10,0,5082,6,86,0.6094525218292376,,7,0,0.6665676689740008,0.4306417538859617,0.8548627546484616
20_0nm_04run_1000d.txt,PaCMAP,3,128,96,10,0,5082,6,126,0.6048357847618299,,7,0,0.6665676689740008,0.4306417538859616,0.8548627546484616
20_0nm_04run_1000d.txt,PaCMAP,3,128,128,10,0,5082,6,161,0.598928718034988,,8,20,0.7901739882801357,0.3969261598751798,0.6099189601401526
20_0nm_04run_1000d.txt,PaCMAP,3,256,128,10,0,5082,6,161,0.598928718034988,,7,0,0.6665676689740008,0.4306417538859616,0.8548627546484616
20_0nm_04run_1000d.txt,PaCMAP,3,256,192,10,0,5082,6,236,0.5877167966693442,0.6066776527189701,7,3,0.665959834176023,0.4297973768640875,0.85436746027145
20_0nm_04run_1000d.txt,PaCMAP,3,256,256,10,0,5082,6,365,0.5714771044521678,0.5928194215461045,8,390,0.7174172921587205,,0.8133945174416903
02_0nm_01run_10d.txt,tSNE,2,4,2,0,0,5242,385,1330,0.1604358430774416,0.3054640642118073,463,632,0.0417635145016988,0.1808069170585146,0.3509031490105904
02_0nm_01run_10d.txt,tSNE,2,4,3,0,0,5242,213,1185,0.3768576686443217,0.3163120645198823,371,688,0.0606243462455374,0.1555017772714404,0.4025822072840903
02_0nm_01run_10d.txt,tSNE,2,4,4,0,0,5242,76,707,0.6639176880231981,0.271116562411482,284,839,0.0777007749686903,0.1296387794804281,0.3707829294345349
02_0nm_01run_10d.txt,tSNE,2,8,4,0,0,5242,24,333,0.6490270076594593,0.3569699246394484,145,483,0.3370934394974122,-0.0284835895065244,0.2642190635002121
02_0nm_01run_10d.txt,tSNE,2,8,6,0,0,5242,26,470,0.6170326429432604,0.3413676918439858,37,115,0.7118072303721379,-0.1735631447715247,0.1538798626928625
02_0nm_01run_10d.txt,tSNE,2,8,8,0,0,5242,22,460,0.6134271317312419,0.3831174390360483,16,4,0.8099451213317638,-0.158210828652077,0.3276181100911145
02_0nm_01run_10d.txt,tSNE,2,16,8,0,0,5242,25,651,0.6434627259564318,0.3616641460434624,16,4,0.8099451213317638,-0.158210828652077,0.3276181100911145
02_0nm_01run_10d.txt,tSNE,2,16,12,0,0,5242,27,806,0.5947125652270777,0.3514289961111615,13,1,0.8331219778350475,-0.1561114570129759,0.3966095393652361
02_0nm_01run_10d.txt,tSNE,2,16,16,0,0,5242,20,514,0.7540817144426294,0.3018667606722959,12,0,0.83603048641173,-0.1567251424001391,0.5032074613439729
02_0nm_01run_10d.txt,tSNE,2,32,16,0,0,5242,18,533,0.7208717923327798,0.2989001682899614,12,0,0.83603048641173,-0.1567251424001391,0.5032074613439729
02_0nm_01run_10d.txt,tSNE,2,32,24,0,0,5242,18,718,0.6482238486846791,0.467396410632556,11,0,0.8586260587653141,-0.115174069112602,0.5172569116738414
02_0nm_01run_10d.txt,tSNE,2,32,32,0,0,5242,20,901,0.5456366090875878,0.3485857271512971,11,0,0.8586260587653141,-0.115174069112602,0.5172569116738414
02_0nm_01run_10d.txt,tSNE,2,64,32,0,0,5242,17,673,0.6355800940385374,0.3540846914607891,11,0,0.8586260587653141,-0.115174069112602,0.5172569116738414
02_0nm_01run_10d.txt,tSNE,2,64,48,0,0,5242,17,1014,0.5658633351024217,0.4700048033532473,11,1,0.8571204443837576,-0.1331092514028748,0.5010659447374621
02_0nm_01run_10d.txt,tSNE,2,64,64,0,0,5242,15,1201,0.5190705739302622,0.4156986245085797,10,0,0.8922277685538604,-0.0624225802322408,0.5106473462449056
02_0nm_01run_10d.txt,tSNE,2,128,64,0,0,5242,11,1143,0.5920072540847768,0.3334691132305821,10,0,0.8922277685538604,-0.0624225802322408,0.5106473462449056
02_0nm_01run_10d.txt,tSNE,2,128,96,0,0,5242,11,1522,0.4919219791848117,0.3602743545581749,10,142,0.8600943330515872,-0.0285579870351189,0.5358114735157828
02_0nm_01run_10d.txt,tSNE,2,128,128,0,0,5242,8,1382,0.4425487445735874,0.3729142795294445,9,594,0.6881174203529603,0.0590092203490408,0.4746147020265293
02_0nm_01run_10d.txt,tSNE,2,256,128,0,0,5242,6,1109,0.4100693677587541,0.4008400002427811,9,594,0.6881174203529603,0.0590092203490408,0.4746147020265293
02_0nm_01run_10d.txt,tSNE,2,256,192,0,0,5242,5,1013,0.3433635528079521,0.4278953314100525,6,2314,0.2741529642758262,0.0245636840885171,0.3036785106248254
02_0nm_01run_10d.txt,tSNE,2,256,256,0,0,5242,4,1412,0.2877109288888828,0.3703896609821389,2,2494,0.1468561367991946,-0.3901425640403494,-0.0588436904450857
02_0nm_01run_10d.txt,tSNE,3,4,2,0,0,5242,385,1330,0.1604358430774416,0.3054640642118073,422,561,0.2657077527578911,0.1990347279545774,0.3713108269257825
02_0nm_01run_10d.txt,tSNE,3,4,3,0,0,5242,213,1185,0.3768576686443217,0.3163120645198823,330,688,0.3549176455323856,0.2264475191044462,0.4177679120184959
02_0nm_01run_10d.txt,tSNE,3,4,4,0,0,5242,76,707,0.6639176880231981,0.271116562411482,223,716,0.3993946453663179,0.1715492774668381,0.3985647698810393
02_0nm_01run_10d.txt,tSNE,3,8,4,0,0,5242,24,333,0.6490270076594593,0.3569699246394484,30,111,0.8006024733091324,-0.0815683219344101,0.4037851072990197
02_0nm_01run_10d.txt,tSNE,3,8,6,0,0,5242,26,470,0.6170326429432604,0.3413676918439858,25,95,0.8323347489901299,-0.0573039487660418,0.4522859601842814
02_0nm_01run_10d.txt,tSNE,3,8,8,0,0,5242,22,460,0.6134271317312419,0.3831174390360483,10,2,0.8828794510986226,-0.1042199758442988,0.3321668416103095
02_0nm_01run_10d.txt,tSNE,3,16,8,0,0,5242,25,651,0.6434627259564318,0.3616641460434624,10,2,0.8828794510986226,-0.1042199758442988,0.3321668416103095
02_0nm_01run_10d.txt,tSNE,3,16,12,0,0,5242,27,806,0.5947125652270777,0.3514289961111615,9,6,0.9024188560053806,-0.0193111010071765,0.4836208437401295
02_0nm_01run_10d.txt,tSNE,3,16,16,0,0,5242,20,514,0.7540817144426294,0.3018667606722959,8,0,0.7816507060231742,-0.107067101078387,0.462720151489715
02_0nm_01run_10d.txt,tSNE,3,32,16,0,0,5242,18,533,0.7208717923327798,0.2989001682899614,8,0,0.7816507060231742,-0.107067101078387,0.462720151489715
02_0nm_01run_10d.txt,tSNE,3,32,24,0,0,5242,18,718,0.6482238486846791,0.467396410632556,9,0,0.9029748904530768,-0.0629383471009443,0.3606783310673654
02_0nm_01run_10d.txt,tSNE,3,32,32,0,0,5242,20,901,0.5456366090875878,0.3485857271512971,8,0,0.7816507060231742,-0.107067101078387,0.462720151489715
02_0nm_01run_10d.txt,tSNE,3,64,32,0,0,5242,17,673,0.6355800940385374,0.3540846914607891,8,0,0.7816507060231742,-0.107067101078387,0.462720151489715
02_0nm_01run_10d.txt,tSNE,3,64,48,0,0,5242,17,1014,0.5658633351024217,0.4700048033532473,8,23,0.7804046037847415,-0.0939029346535722,0.4624874984149609
02_0nm_01run_10d.txt,tSNE,3,64,64,0,0,5242,15,1201,0.5190705739302622,0.4156986245085797,8,138,0.7685077972557856,-0.0101514658094857,0.4242536911041779
02_0nm_01run_10d.txt,tSNE,3,128,64,0,0,5242,11,1143,0.5920072540847768,0.3334691132305821,8,138,0.7685077972557856,-0.0101514658094857,0.4242536911041779
02_0nm_01run_10d.txt,tSNE,3,128,96,0,0,5242,11,1522,0.4919219791848117,0.3602743545581749,7,454,0.5476346224143742,0.0051688470859212,0.3809569674963621
02_0nm_01run_10d.txt,tSNE,3,128,128,0,0,5242,8,1382,0.4425487445735874,0.3729142795294445,4,1518,0.212297568164957,-0.3593655806052688,0.1194723066976098
02_0nm_01run_10d.txt,tSNE,3,256,128,0,0,5242,6,1109,0.4100693677587541,0.4008400002427811,3,1441,0.1774176644955531,-0.3892443786779501,0.1022093395154307
02_0nm_01run_10d.txt,tSNE,3,256,192,0,0,5242,5,1013,0.3433635528079521,0.4278953314100525,3,3228,0.1170300330678511,0.0910660161666934,0.074701394153471
02_0nm_01run_10d.txt,tSNE,3,256,256,0,0,5242,4,1412,0.2877109288888828,0.3703896609821389,2,3979,0.0470094300451209,-0.0965664275232354,0.1112065362710066
02_0nm_01run_10d.txt,UMAP,2,4,2,0,0,5242,385,1330,0.1604358430774416,0.3054640642118073,519,586,0.0297501687798131,0.0977468575269994,0.4993829544040381
02_0nm_01run_10d.txt,UMAP,2,4,3,0,0,5242,213,1185,0.3768576686443217,0.3163120645198823,452,694,0.0339962988435263,0.1157606981420817,0.5301921380638918
02_0nm_01run_10d.txt,UMAP,2,4,4,0,0,5242,76,707,0.6639176880231981,0.271116562411482,368,699,0.0398393246616525,0.102108644773726,0.5494507521777378
02_0nm_01run_10d.txt,UMAP,2,8,4,0,0,5242,24,333,0.6490270076594593,0.3569699246394484,265,565,0.0584690331065839,0.0185834766393767,0.5052007791092431
02_0nm_01run_10d.txt,UMAP,2,8,6,0,0,5242,26,470,0.6170326429432604,0.3413676918439858,232,663,0.1181142987248667,0.0338756382850216,0.511376408201153
02_0nm_01run_10d.txt,UMAP,2,8,8,0,0,5242,22,460,0.6134271317312419,0.3831174390360483,197,774,0.1219820917678102,0.0628175466320335,0.5234502525482647
02_0nm_01run_10d.txt,UMAP,2,16,8,0,0,5242,25,651,0.6434627259564318,0.3616641460434624,91,318,0.438202350425184,0.0091165883881371,0.5404704078479344
02_0nm_01run_10d.txt,UMAP,2,16,12,0,0,5242,27,806,0.5947125652270777,0.3514289961111615,70,319,0.4833345357838052,-0.0025259859578672,0.5792918195251631
02_0nm_01run_10d.txt,UMAP,2,16,16,0,0,5242,20,514,0.7540817144426294,0.3018667606722959,44,301,0.5943972263815731,-0.0573503131301843,0.5875174437564922
02_0nm_01run_10d.txt,UMAP,2,32,16,0,0,5242,18,533,0.7208717923327798,0.2989001682899614,26,140,0.6458050779660577,-0.1133103674724458,0.5711497135802562
02_0nm_01run_10d.txt,UMAP,2,32,24,0,0,5242,18,718,0.6482238486846791,0.467396410632556,20,44,0.693279987262064,-0.1378351368568819,0.603026704635925
02_0nm_01run_10d.txt,UMAP,2,32,32,0,0,5242,20,901,0.5456366090875878,0.3485857271512971,16,41,0.7514274702813546,-0.1683361977009996,0.6308690181956774
02_0nm_01run_10d.txt,UMAP,2,64,32,0,0,5242,17,673,0.6355800940385374,0.3540846914607891,16,41,0.7514274702813546,-0.1683361977009996,0.6308690181956774
02_0nm_01run_10d.txt,UMAP,2,64,48,0,0,5242,17,1014,0.5658633351024217,0.4700048033532473,14,27,0.7716928817806404,-0.2280856079918385,0.6203628804213279
02_0nm_01run_10d.txt,UMAP,2,64,64,0,0,5242,15,1201,0.5190705739302622,0.4156986245085797,11,33,0.8525090849682879,-0.0861449532286414,0.6703079574289782
02_0nm_01run_10d.txt,UMAP,2,128,64,0,0,5242,11,1143,0.5920072540847768,0.3334691132305821,11,33,0.8525090849682879,-0.0861449532286414,0.6703079574289782
02_0nm_01run_10d.txt,UMAP,2,128,96,0,0,5242,11,1522,0.4919219791848117,0.3602743545581749,10,82,0.8714938759118873,-0.0529100733268931,0.6756128176051939
02_0nm_01run_10d.txt,UMAP,2,128,128,0,0,5242,8,1382,0.4425487445735874,0.3729142795294445,8,25,0.7797744273490946,-0.1057789441421116,0.6534910855245921
02_0nm_01run_10d.txt,UMAP,2,256,128,0,0,5242,6,1109,0.4100693677587541,0.4008400002427811,8,25,0.7797744273490946,-0.1057789441421116,0.6534910855245921
02_0nm_01run_10d.txt,UMAP,2,256,192,0,0,5242,5,1013,0.3433635528079521,0.4278953314100525,8,283,0.7385513223696687,-0.0414190249454963,0.6345617568361902
02_0nm_01run_10d.txt,UMAP,2,256,256,0,0,5242,4,1412,0.2877109288888828,0.3703896609821389,8,834,0.6118997339000908,0.0863436141384401,0.6239608061189792
02_0nm_01run_10d.txt,UMAP,3,4,2,0,0,5242,385,1330,0.1604358430774416,0.3054640642118073,504,552,0.0320554928727179,0.1172735354158692,0.5146568754608793
02_0nm_01run_10d.txt,UMAP,3,4,3,0,0,5242,213,1185,0.3768576686443217,0.3163120645198823,438,625,0.0369019536660163,0.116433486778639,0.5363692282760278
02_0nm_01run_10d.txt,UMAP,3,4,4,0,0,5242,76,707,0.6639176880231981,0.271116562411482,377,711,0.0385850669443188,0.1165383236051741,0.548745790488281
02_0nm_01run_10d.txt,UMAP,3,8,4,0,0,5242,24,333,0.6490270076594593,0.3569699246394484,273,582,0.057701759615609,0.0519216872320626,0.5177753269311519
02_0nm_01run_10d.txt,UMAP,3,8,6,0,0,5242,26,470,0.6170326429432604,0.3413676918439858,241,716,0.0633036659121393,0.0477389612085263,0.5153229017476464
02_0nm_01run_10d.txt,UMAP,3,8,8,0,0,5242,22,460,0.6134271317312419,0.3831174390360483,151,511,0.3877535043512896,0.0994037168183524,0.6299911841497816
02_0nm_01run_10d.txt,UMAP,3,16,8,0,0,5242,25,651,0.6434627259564318,0.3616641460434624,68,130,0.5614418566069549,-0.0621178453370909,0.6847166815193373
02_0nm_01run_10d.txt,UMAP,3,16,12,0,0,5242,27,806,0.5947125652270777,0.3514289961111615,44,84,0.6415342679047337,-0.1378412141812127,0.7388241414984698
02_0nm_01run_10d.txt,UMAP,3,16,16,0,0,5242,20,514,0.7540817144426294,0.3018667606722959,36,102,0.6509825838289632,-0.1547249213372587,0.736032228298875
02_0nm_01run_10d.txt,UMAP,3,32,16,0,0,5242,18,533,0.7208717923327798,0.2989001682899614,23,20,0.6753154512278972,-0.216930256360361,0.7265758487668417
02_0nm_01run_10d.txt,UMAP,3,32,24,0,0,5242,18,718,0.6482238486846791,0.467396410632556,19,48,0.730637351767471,-0.187589582117727,0.7474388009198534
02_0nm_01run_10d.txt,UMAP,3,32,32,0,0,5242,20,901,0.5456366090875878,0.3485857271512971,18,75,0.7237044959282539,-0.1192344045918072,0.7419382893181484
02_0nm_01run_10d.txt,UMAP,3,64,32,0,0,5242,17,673,0.6355800940385374,0.3540846914607891,16,21,0.7411538369786517,-0.1510310026563662,0.7461937830599887
02_0nm_01run_10d.txt,UMAP,3,64,48,0,0,5242,17,1014,0.5658633351024217,0.4700048033532473,11,34,0.8554686414528861,-0.0967989356099775,0.7943039158441778
02_0nm_01run_10d.txt,UMAP,3,64,64,0,0,5242,15,1201,0.5190705739302622,0.4156986245085797,8,0,0.7816507060231742,-0.107067101078387,0.8131342355960158
02_0nm_01run_10d.txt,UMAP,3,128,64,0,0,5242,11,1143,0.5920072540847768,0.3334691132305821,8,0,0.7816507060231742,-0.107067101078387,0.8131342355960158
02_0nm_01run_10d.txt,UMAP,3,128,96,0,0,5242,11,1522,0.4919219791848117,0.3602743545581749,8,0,0.7816507060231742,-0.107067101078387,0.8131342355960158
02_0nm_01run_10d.txt,UMAP,3,128,128,0,0,5242,8,1382,0.4425487445735874,0.3729142795294445,8,0,0.7816507060231742,-0.107067101078387,0.8131342355960158
02_0nm_01run_10d.txt,UMAP,3,256,128,0,0,5242,6,1109,0.4100693677587541,0.4008400002427811,8,0,0.7816507060231742,-0.107067101078387,0.8131342355960158
02_0nm_01run_10d.txt,UMAP,3,256,192,0,0,5242,5,1013,0.3433635528079521,0.4278953314100525,8,0,0.7816507060231742,-0.107067101078387,0.8131342355960158
02_0nm_01run_10d.txt,UMAP,3,256,256,0,0,5242,4,1412,0.2877109288888828,0.3703896609821389,8,129,0.7594339989539223,-0.0469104285303888,0.7935400211953096
02_0nm_01run_10d.txt,TriMap,2,4,2,0,0,5242,385,1330,0.1604358430774416,0.3054640642118073,469,801,0.0306579465702147,0.0155875498732286,0.4242140026256369
02_0nm_01run_10d.txt,TriMap,2,4,3,0,0,5242,213,1185,0.3768576686443217,0.3163120645198823,382,975,0.0348497568556015,0.0745193324017509,0.4439506801905654
02_0nm_01run_10d.txt,TriMap,2,4,4,0,0,5242,76,707,0.6639176880231981,0.271116562411482,288,1006,0.1898252821316132,0.1209659577086918,0.4806286054259607
02_0nm_01run_10d.txt,TriMap,2,8,4,0,0,5242,24,333,0.6490270076594593,0.3569699246394484,196,746,0.225194829758218,0.06821382515014,0.4700093469130682
02_0nm_01run_10d.txt,TriMap,2,8,6,0,0,5242,26,470,0.6170326429432604,0.3413676918439858,146,688,0.3768017419341704,0.1142568483117932,0.510495279694136
02_0nm_01run_10d.txt,TriMap,2,8,8,0,0,5242,22,460,0.6134271317312419,0.3831174390360483,149,899,0.3133613393252483,0.1564354677291175,0.5113567099738247
02_0nm_01run_10d.txt,TriMap,2,16,8,0,0,5242,25,651,0.6434627259564318,0.3616641460434624,78,659,0.4116470542997574,0.1039786371407983,0.4913025329855676
02_0nm_01run_10d.txt,TriMap,2,16,12,0,0,5242,27,806,0.5947125652270777,0.3514289961111615,70,775,0.4139803023725059,0.1169088602427245,0.4614760924477044
02_0nm_01run_10d.txt,TriMap,2,16,16,0,0,5242,20,514,0.7540817144426294,0.3018667606722959,35,459,0.6203082519704426,0.0368002568499526,0.452834021821314
02_0nm_01run_10d.txt,TriMap,2,32,16,0,0,5242,18,533,0.7208717923327798,0.2989001682899614,22,215,0.6183772397613311,0.2395867279843887,0.5434958971787699
02_0nm_01run_10d.txt,TriMap,2,32,24,0,0,5242,18,718,0.6482238486846791,0.467396410632556,8,34,0.544417840622005,0.0261682728558909,0.5143646130041135
02_0nm_01run_10d.txt,TriMap,2,32,32,0,0,5242,20,901,0.5456366090875878,0.3485857271512971,24,582,0.6185584599172191,0.2604445664449155,0.5331281575386346
02_0nm_01run_10d.txt,TriMap,2,64,32,0,0,5242,17,673,0.6355800940385374,0.3540846914607891,11,102,0.5890840370108307,-0.1622638419095448,0.4283584074386619
02_0nm_01run_10d.txt,TriMap,2,64,48,0,0,5242,17,1014,0.5658633351024217,0.4700048033532473,12,289,0.5584747219549476,-0.0728816718356206,0.445253548197961
02_0nm_01run_10d.txt,TriMap,2,64,64,0,0,5242,15,1201,0.5190705739302622,0.4156986245085797,8,126,0.541705575844563,0.0898911022802596,0.448681329195558
02_0nm_01run_10d.txt,TriMap,2,128,64,0,0,5242,11,1143,0.5920072540847768,0.3334691132305821,8,333,0.5808999881591512,-0.0121267014217256,0.423210163245212
02_0nm_01run_10d.txt,TriMap,2,128,96,0,0,5242,11,1522,0.4919219791848117,0.3602743545581749,7,314,0.5436676121124834,-0.2085320021827487,0.1849527046845924
02_0nm_01run_10d.txt,TriMap,2,128,128,0,0,5242,8,1382,0.4425487445735874,0.3729142795294445,7,417,0.5355223433338738,-0.0775032750208986,0.4575017037643492
02_0nm_01run_10d.txt,TriMap,2,256,128,0,0,5242,6,1109,0.4100693677587541,0.4008400002427811,5,783,0.5384576907077891,-0.1117032830262422,0.4108215263151313
02_0nm_01run_10d.txt,TriMap,2,256,192,0,0,5242,5,1013,0.3433635528079521,0.4278953314100525,4,534,0.3855383310821456,-0.1665454478575944,0.2908141006074417
02_0nm_01run_10d.txt,TriMap,2,256,256,0,0,5242,4,1412,0.2877109288888828,0.3703896609821389,5,1390,0.4189941106944724,-0.0328370566641763,0.3784259228020191
02_0nm_01run_10d.txt,TriMap,3,4,2,0,0,5242,385,1330,0.1604358430774416,0.3054640642118073,467,820,0.0306375189866085,0.0645588992446931,0.4131793466568296
02_0nm_01run_10d.txt,TriMap,3,4,3,0,0,5242,213,1185,0.3768576686443217,0.3163120645198823,386,1060,0.0334110842721449,0.1182747237415936,0.4623582268403224
02_0nm_01run_10d.txt,TriMap,3,4,4,0,0,5242,76,707,0.6639176880231981,0.271116562411482,279,896,0.196832410520887,0.1218990864514019,0.4941646222341118
02_0nm_01run_10d.txt,TriMap,3,8,4,0,0,5242,24,333,0.6490270076594593,0.3569699246394484,197,673,0.2310491785538232,0.0892590482429417,0.479288623298914
02_0nm_01run_10d.txt,TriMap,3,8,6,0,0,5242,26,470,0.6170326429432604,0.3413676918439858,187,998,0.2004537123306339,0.1464157093293795,0.5141712907675147
02_0nm_01run_10d.txt,TriMap,3,8,8,0,0,5242,22,460,0.6134271317312419,0.3831174390360483,133,776,0.3751721954112074,0.1552656546512352,0.5476320413235656
02_0nm_01run_10d.txt,TriMap,3,16,8,0,0,5242,25,651,0.6434627259564318,0.3616641460434624,80,624,0.4193779651550888,0.1201621096209969,0.4727025928889227
02_0nm_01run_10d.txt,TriMap,3,16,12,0,0,5242,27,806,0.5947125652270777,0.3514289961111615,58,615,0.6072343918180875,0.1364757237783888,0.6050688606161035
02_0nm_01run_10d.txt,TriMap,3,16,16,0,0,5242,20,514,0.7540817144426294,0.3018667606722959,39,409,0.6562008174100733,0.0207090028636272,0.5754085194450289
02_0nm_01run_10d.txt,TriMap,3,32,16,0,0,5242,18,533,0.7208717923327798,0.2989001682899614,19,199,0.8151891543070741,0.0219004517804576,0.6444573190677104
02_0nm_01run_10d.txt,TriMap,3,32,24,0,0,5242,18,718,0.6482238486846791,0.467396410632556,22,428,0.7745134236380046,0.2255713022946801,0.5829076349062958
02_0nm_01run_10d.txt,TriMap,3,32,32,0,0,5242,20,901,0.5456366090875878,0.3485857271512971,16,390,0.7235854766672355,0.1468236372435585,0.628806738156826
02_0nm_01run_10d.txt,TriMap,3,64,32,0,0,5242,17,673,0.6355800940385374,0.3540846914607891,8,49,0.543262221378926,-1.685327734294098e-05,0.4470284880111657
02_0nm_01run_10d.txt,TriMap,3,64,48,0,0,5242,17,1014,0.5658633351024217,0.4700048033532473,13,240,0.5785089115426617,0.007147350610441,0.5547359235100623
02_0nm_01run_10d.txt,TriMap,3,64,64,0,0,5242,15,1201,0.5190705739302622,0.4156986245085797,9,131,0.6219325582201559,-0.1293423416168005,0.6682480560669812
02_0nm_01run_10d.txt,TriMap,3,128,64,0,0,5242,11,1143,0.5920072540847768,0.3334691132305821,9,255,0.7765434965713345,0.0067268375904429,0.5610047873729496
02_0nm_01run_10d.txt,TriMap,3,128,96,0,0,5242,11,1522,0.4919219791848117,0.3602743545581749,8,394,0.61468910831769,0.0523583820541207,0.6172734643284058
02_0nm_01run_10d.txt,TriMap,3,128,128,0,0,5242,8,1382,0.4425487445735874,0.3729142795294445,8,609,0.5906687928295211,0.0470953978659184,0.4999008193312049
02_0nm_01run_10d.txt,TriMap,3,256,128,0,0,5242,6,1109,0.4100693677587541,0.4008400002427811,7,772,0.6762696229648375,-0.3649948591345602,-0.2910841220455313
02_0nm_01run_10d.txt,TriMap,3,256,192,0,0,5242,5,1013,0.3433635528079521,0.4278953314100525,6,1143,0.5432802372307993,-0.0013733110864034,0.470261490026881
02_0nm_01run_10d.txt,TriMap,3,256,256,0,0,5242,4,1412,0.2877109288888828,0.3703896609821389,2,358,0.0665599525025202,-0.2102812719863567,0.5739727809424016
02_0nm_01run_10d.txt,PaCMAP,2,4,2,10,0,5242,385,1330,0.1604358430774416,0.3054640642118073,462,779,0.0368275625072949,0.0192115663083235,0.4385985628038248
02_0nm_01run_10d.txt,PaCMAP,2,4,3,10,0,5242,213,1185,0.3768576686443217,0.3163120645198823,384,857,0.042408818682587,0.0506764217519809,0.4425620948980068
02_0nm_01run_10d.txt,PaCMAP,2,4,4,10,0,5242,76,707,0.6639176880231981,0.271116562411482,309,891,0.0464446186786327,0.0546156358994359,0.4577203334505038
02_0nm_01run_10d.txt,PaCMAP,2,8,4,10,0,5242,24,333,0.6490270076594593,0.3569699246394484,199,643,0.2631729629626059,0.0501937670581118,0.4552322728207086
02_0nm_01run_10d.txt,PaCMAP,2,8,6,10,0,5242,26,470,0.6170326429432604,0.3413676918439858,174,718,0.2666175346477397,0.0901090350735582,0.4879543561114547
02_0nm_01run_10d.txt,PaCMAP,2,8,8,10,0,5242,22,460,0.6134271317312419,0.3831174390360483,138,628,0.3695663147510902,0.1222442356318891,0.5320891361998511
02_0nm_01run_10d.txt,PaCMAP,2,16,8,10,0,5242,25,651,0.6434627259564318,0.3616641460434624,82,497,0.4283873758068168,0.0500886442976788,0.5079327092142629
02_0nm_01run_10d.txt,PaCMAP,2,16,12,10,0,5242,27,806,0.5947125652270777,0.3514289961111615,61,379,0.5322709288833368,0.0257380011519291,0.5841003719251608
02_0nm_01run_10d.txt,PaCMAP,2,16,16,10,0,5242,20,514,0.7540817144426294,0.3018667606722959,48,404,0.6189223639477605,-0.0366515011868469,0.6301226611506971
02_0nm_01run_10d.txt,PaCMAP,2,32,16,10,0,5242,18,533,0.7208717923327798,0.2989001682899614,32,242,0.622550677652211,-0.0821175812392558,0.5990310177998982
02_0nm_01run_10d.txt,PaCMAP,2,32,24,10,0,5242,18,718,0.6482238486846791,0.467396410632556,29,373,0.6408710281964185,-0.0121352413756098,0.5777921173475447
02_0nm_01run_10d.txt,PaCMAP,2,32,32,10,0,5242,20,901,0.5456366090875878,0.3485857271512971,9,0,0.6051706065302362,-0.3414017674039345,0.1457292823757602
02_0nm_01run_10d.txt,PaCMAP,2,64,32,10,0,5242,17,673,0.6355800940385374,0.3540846914607891,9,0,0.6051706065302362,-0.3414017674039345,0.1457292823757602
02_0nm_01run_10d.txt,PaCMAP,2,64,48,10,0,5242,17,1014,0.5658633351024217,0.4700048033532473,10,24,0.5407931752935465,-0.3283763514162798,0.5527007782667914
02_0nm_01run_10d.txt,PaCMAP,2,64,64,10,0,5242,15,1201,0.5190705739302622,0.4156986245085797,9,0,0.6838866265294592,-0.2233518130657365,0.3402754443019768
02_0nm_01run_10d.txt,PaCMAP,2,128,64,10,0,5242,11,1143,0.5920072540847768,0.3334691132305821,9,0,0.6838866265294592,-0.2233518130657365,0.3402754443019768
02_0nm_01run_10d.txt,PaCMAP,2,128,96,10,0,5242,11,1522,0.4919219791848117,0.3602743545581749,7,19,0.6100716991831916,-0.2063071157897644,0.5831996910584385
02_0nm_01run_10d.txt,PaCMAP,2,128,128,10,0,5242,8,1382,0.4425487445735874,0.3729142795294445,7,89,0.6066628662946492,-0.2027429356363975,0.5781996204352593
02_0nm_01run_10d.txt,PaCMAP,2,256,128,10,0,5242,6,1109,0.4100693677587541,0.4008400002427811,7,89,0.6066628662946492,-0.2027429356363975,0.5781996204352593
02_0nm_01run_10d.txt,PaCMAP,2,256,192,10,0,5242,5,1013,0.3433635528079521,0.4278953314100525,7,480,0.6019398414434023,-0.0786750060943943,0.5702107820905423
02_0nm_01run_10d.txt,PaCMAP,2,256,256,10,0,5242,4,1412,0.2877109288888828,0.3703896609821389,6,1213,0.4789337751185333,-0.0128579608692927,0.4558639968082619
02_0nm_01run_10d.txt,PaCMAP,3,4,2,10,0,5242,385,1330,0.1604358430774416,0.3054640642118073,480,770,0.0327916497628687,0.0282180410523916,0.4553716568290992
02_0nm_01run_10d.txt,PaCMAP,3,4,3,10,0,5242,213,1185,0.3768576686443217,0.3163120645198823,395,835,0.0383098698363376,0.0467275329156542,0.4672888356087983
02_0nm_01run_10d.txt,PaCMAP,3,4,4,10,0,5242,76,707,0.6639176880231981,0.271116562411482,308,905,0.0486925483445099,0.0798073118939317,0.4756460637037205
02_0nm_01run_10d.txt,PaCMAP,3,8,4,10,0,5242,24,333,0.6490270076594593,0.3569699246394484,208,634,0.2301135694564521,0.0443799921793259,0.511717207625877
02_0nm_01run_10d.txt,PaCMAP,3,8,6,10,0,5242,26,470,0.6170326429432604,0.3413676918439858,173,658,0.3300338973938364,0.0928631616606851,0.5539254395371656
02_0nm_01run_10d.txt,PaCMAP,3,8,8,10,0,5242,22,460,0.6134271317312419,0.3831174390360483,152,697,0.3315355199133882,0.1302088024016018,0.5805680763819473
02_0nm_01run_10d.txt,PaCMAP,3,16,8,10,0,5242,25,651,0.6434627259564318,0.3616641460434624,75,407,0.4989045846101265,-0.0140263590486959,0.5968385354784548
02_0nm_01run_10d.txt,PaCMAP,3,16,12,10,0,5242,27,806,0.5947125652270777,0.3514289961111615,63,399,0.5366301832818469,-0.0229439213554916,0.5031132659383812
02_0nm_01run_10d.txt,PaCMAP,3,16,16,10,0,5242,20,514,0.7540817144426294,0.3018667606722959,49,439,0.5975579520420591,0.0781992962805075,0.6014897115238407
02_0nm_01run_10d.txt,PaCMAP,3,32,16,10,0,5242,18,533,0.7208717923327798,0.2989001682899614,14,23,0.6977827348461303,-0.2416735321191968,0.6093280529045487
02_0nm_01run_10d.txt,PaCMAP,3,32,24,10,0,5242,18,718,0.6482238486846791,0.467396410632556,12,43,0.7099167553271907,-0.110964308578674,0.7954249111106602
02_0nm_01run_10d.txt,PaCMAP,3,32,32,10,0,5242,20,901,0.5456366090875878,0.3485857271512971,11,85,0.7100525711947316,-0.0915511668121003,0.7928281704372914
02_0nm_01run_10d.txt,PaCMAP,3,64,32,10,0,5242,17,673,0.6355800940385374,0.3540846914607891,9,0,0.7535801793697974,-0.1436049086874835,0.8125341336231446
02_0nm_01run_10d.txt,PaCMAP,3,64,48,10,0,5242,17,1014,0.5658633351024217,0.4700048033532473,9,0,0.7535801793697974,-0.1436049086874835,0.8125341336231446
02_0nm_01run_10d.txt,PaCMAP,3,64,64,10,0,5242,15,1201,0.5190705739302622,0.4156986245085797,9,0,0.7535801793697974,-0.1436049086874835,0.8125341336231447
02_0nm_01run_10d.txt,PaCMAP,3,128,64,10,0,5242,11,1143,0.5920072540847768,0.3334691132305821,9,0,0.7535801793697974,-0.1436049086874835,0.8125341336231447
02_0nm_01run_10d.txt,PaCMAP,3,128,96,10,0,5242,11,1522,0.4919219791848117,0.3602743545581749,9,20,0.7513549780946353,-0.1103870196495841,0.8108716425101683
02_0nm_01run_10d.txt,PaCMAP,3,128,128,10,0,5242,8,1382,0.4425487445735874,0.3729142795294445,8,16,0.7826126901084045,-0.0327819241361984,0.767789432603358
02_0nm_01run_10d.txt,PaCMAP,3,256,128,10,0,5242,6,1109,0.4100693677587541,0.4008400002427811,8,16,0.7826126901084045,-0.0327819241361984,0.767789432603358
02_0nm_01run_10d.txt,PaCMAP,3,256,192,10,0,5242,5,1013,0.3433635528079521,0.4278953314100525,8,333,0.7440922711473595,0.0834678270319003,0.737488579708582
02_0nm_01run_10d.txt,PaCMAP,3,256,256,10,0,5242,4,1412,0.2877109288888828,0.3703896609821389,8,848,0.6305260687433377,0.1771133829394359,0.6868900532002762
09_0nm_03run_100d.txt,tSNE,2,4,2,0,0,8904,677,2257,0.1132983169860908,0.3630879496522932,808,1101,0.0426982260154288,0.2426023347453444,0.3666113156979698
09_0nm_03run_100d.txt,tSNE,2,4,3,0,0,8904,405,2334,0.2185855731525374,0.3885776157114263,531,1133,0.258862476520717,0.1566203598132938,0.3360001684724577
09_0nm_03run_100d.txt,tSNE,2,4,4,0,0,8904,149,1539,0.525855811972912,0.417099604785591,293,934,0.4843039648005734,0.0905914049328705,0.3461088530153973
09_0nm_03run_100d.txt,tSNE,2,8,4,0,0,8904,59,1058,0.6428941759015694,0.4237767053138307,176,656,0.5419602633867573,-0.0234272401696377,0.2802907951185341
09_0nm_03run_100d.txt,tSNE,2,8,6,0,0,8904,45,1107,0.6372861089996871,0.4981743201675297,62,165,0.7531961410503019,-0.2308611792094597,0.2683803187904699
09_0nm_03run_100d.txt,tSNE,2,8,8,0,0,8904,43,1265,0.6006339808802825,0.5146203184705116,47,107,0.779589668357447,-0.2571011357612304,0.29549817392358
09_0nm_03run_100d.txt,tSNE,2,16,8,0,0,8904,29,1091,0.6464831259355601,0.5329916050131717,40,96,0.7809848848628006,-0.2527017361039508,0.2969983415113005
09_0nm_03run_100d.txt,tSNE,2,16,12,0,0,8904,24,1145,0.6449020897954221,0.5908057488495293,22,9,0.8222721317379899,-0.1364229820646472,0.3291880910802248
09_0nm_03run_100d.txt,tSNE,2,16,16,0,0,8904,25,1232,0.6287319504082531,0.5871639852492961,22,18,0.8285366265784986,-0.1146071702439762,0.3736505662841234
09_0nm_03run_100d.txt,tSNE,2,32,16,0,0,8904,22,1299,0.6248078165812276,0.5820095553416726,22,18,0.8285366265784986,-0.1146071702439762,0.3736505662841234
09_0nm_03run_100d.txt,tSNE,2,32,24,0,0,8904,21,1297,0.6244022751233153,0.5857854649048856,21,24,0.8308515213643577,-0.0902722249977131,0.3714171070238981
09_0nm_03run_100d.txt,tSNE,2,32,32,0,0,8904,20,1380,0.6091992911498123,0.6154872898299958,20,33,0.8175220997615545,-0.1069944258440273,0.3898508978905824
09_0nm_03run_100d.txt,tSNE,2,64,32,0,0,8904,17,1477,0.6014551401606991,0.5993580241386655,19,33,0.8138519806384823,-0.1173911566366055,0.3660728244743094
09_0nm_03run_100d.txt,tSNE,2,64,48,0,0,8904,14,709,0.5821675097257232,0.6550237588806732,16,75,0.7380797203710453,0.1017822079413725,0.375603289270017
09_0nm_03run_100d.txt,tSNE,2,64,64,0,0,8904,16,1611,0.5466023250979186,0.6140396207312896,15,125,0.7119847144823052,0.2997472781658651,0.3880355669590404
09_0nm_03run_100d.txt,tSNE,2,128,64,0,0,8904,14,950,0.5523967886650013,0.6689022325552817,15,125,0.7119847144823052,0.2997472781658651,0.3880355669590404
09_0nm_03run_100d.txt,tSNE,2,128,96,0,0,8904,12,988,0.5241331604432419,0.624279631367807,15,466,0.6792780514855905,0.3633131645723851,0.4565295324089872
09_0nm_03run_100d.txt,tSNE,2,128,128,0,0,8904,12,1881,0.4479333112154979,0.5480570451035521,15,991,0.6381584530757078,0.1020673666356159,0.3232507061553211
09_0nm_03run_100d.txt,tSNE,2,256,128,0,0,8904,10,1142,0.483924798432771,0.5784512072106897,15,991,0.6381584530757078,0.1020673666356159,0.3232507061553211
09_0nm_03run_100d.txt,tSNE,2,256,192,0,0,8904,7,850,0.3718699709959664,0.6067924541762476,5,1068,0.0744387202799527,-0.5400407836772821,-0.1234302122103155
09_0nm_03run_100d.txt,tSNE,2,256,256,0,0,8904,6,881,0.3389684485732837,0.5863489996764313,3,2585,0.0641173493483516,-0.3916577527769774,-0.0419615409748811
09_0nm_03run_100d.txt,tSNE,3,4,2,0,0,8904,677,2257,0.1132983169860908,0.3630879496522932,819,1200,0.1130932029451455,0.3087354186951732,0.3901335163527314
09_0nm_03run_100d.txt,tSNE,3,4,3,0,0,8904,405,2334,0.2185855731525374,0.3885776157114263,454,1105,0.3970171124308338,0.3892059294377475,0.4587884265422745
09_0nm_03run_100d.txt,tSNE,3,4,4,0,0,8904,149,1539,0.525855811972912,0.417099604785591,266,987,0.4883196211087017,0.4021559199981682,0.4102011721223991
09_0nm_03run_100d.txt,tSNE,3,8,4,0,0,8904,59,1058,0.6428941759015694,0.4237767053138307,72,336,0.6488225407358953,0.3165517241828815,0.3371916125137326
09_0nm_03run_100d.txt,tSNE,3,8,6,0,0,8904,45,1107,0.6372861089996871,0.4981743201675297,27,139,0.6423360218955745,0.1845811385794794,0.3386800418671222
09_0nm_03run_100d.txt,tSNE,3,8,8,0,0,8904,43,1265,0.6006339808802825,0.5146203184705116,12,2,0.6382006107597082,0.10894710740592,0.2927479846808951
09_0nm_03run_100d.txt,tSNE,3,16,8,0,0,8904,29,1091,0.6464831259355601,0.5329916050131717,12,2,0.6382006107597082,0.10894710740592,0.2927479846808951
09_0nm_03run_100d.txt,tSNE,3,16,12,0,0,8904,24,1145,0.6449020897954221,0.5908057488495293,13,27,0.6556512010044759,0.1639771270295927,0.2963640588654934
09_0nm_03run_100d.txt,tSNE,3,16,16,0,0,8904,25,1232,0.6287319504082531,0.5871639852492961,12,7,0.6376166098293898,0.0821747553252184,0.2940630063590163
09_0nm_03run_100d.txt,tSNE,3,32,16,0,0,8904,22,1299,0.6248078165812276,0.5820095553416726,12,7,0.6376166098293898,0.0821747553252184,0.2940630063590163
09_0nm_03run_100d.txt,tSNE,3,32,24,0,0,8904,21,1297,0.6244022751233153,0.5857854649048856,12,38,0.6363786721852166,0.1757853879866973,0.3676661775706789
09_0nm_03run_100d.txt,tSNE,3,32,32,0,0,8904,20,1380,0.6091992911498123,0.6154872898299958,12,97,0.6340917083630261,0.1745901323297699,0.3681382661915826
09_0nm_03run_100d.txt,tSNE,3,64,32,0,0,8904,17,1477,0.6014551401606991,0.5993580241386655,12,97,0.6340917083630261,0.1745901323297699,0.3681382661915826
09_0nm_03run_100d.txt,tSNE,3,64,48,0,0,8904,14,709,0.5821675097257232,0.6550237588806732,14,224,0.6401461582278459,0.1030606609021289,0.3028701947405534
09_0nm_03run_100d.txt,tSNE,3,64,64,0,0,8904,16,1611,0.5466023250979186,0.6140396207312896,12,242,0.6197995925688576,0.1438191815864431,0.3751519039407303
09_0nm_03run_100d.txt,tSNE,3,128,64,0,0,8904,14,950,0.5523967886650013,0.6689022325552817,12,242,0.6197995925688576,0.1438191815864431,0.3751519039407303
09_0nm_03run_100d.txt,tSNE,3,128,96,0,0,8904,12,988,0.5241331604432419,0.624279631367807,15,956,0.6481625095069965,0.1415692977166881,0.2005157709504734
09_0nm_03run_100d.txt,tSNE,3,128,128,0,0,8904,12,1881,0.4479333112154979,0.5480570451035521,15,2462,0.3437281095826642,0.123274255390307,0.2794195513691811
09_0nm_03run_100d.txt,tSNE,3,256,128,0,0,8904,10,1142,0.483924798432771,0.5784512072106897,8,1437,0.1288091898331189,-0.3616810743127218,-0.1082628940721704
09_0nm_03run_100d.txt,tSNE,3,256,192,0,0,8904,7,850,0.3718699709959664,0.6067924541762476,4,5035,0.0659683448012597,-0.292993300794046,0.08320063872643
09_0nm_03run_100d.txt,tSNE,3,256,256,0,0,8904,6,881,0.3389684485732837,0.5863489996764313,2,7680,0.0117222467552212,-0.1176444626624365,-0.0257153817727585
09_0nm_03run_100d.txt,UMAP,2,4,2,0,0,8904,677,2257,0.1132983169860908,0.3630879496522932,857,1104,0.0309920623370202,0.0536189972242169,0.4543123378789297
09_0nm_03run_100d.txt,UMAP,2,4,3,0,0,8904,405,2334,0.2185855731525374,0.3885776157114263,754,1360,0.029697852089934,0.086014109496086,0.4912576395456854
09_0nm_03run_100d.txt,UMAP,2,4,4,0,0,8904,149,1539,0.525855811972912,0.417099604785591,595,1499,0.0367640543939717,0.073174841078741,0.4991212328081152
09_0nm_03run_100d.txt,UMAP,2,8,4,0,0,8904,59,1058,0.6428941759015694,0.4237767053138307,402,1153,0.0644173228509606,-0.0042921173384474,0.4670993476434198
09_0nm_03run_100d.txt,UMAP,2,8,6,0,0,8904,45,1107,0.6372861089996871,0.4981743201675297,375,1390,0.0697320406664919,0.0260015561946993,0.4858539923554421
09_0nm_03run_100d.txt,UMAP,2,8,8,0,0,8904,43,1265,0.6006339808802825,0.5146203184705116,314,1579,0.1425503321228028,0.0784093516610962,0.5215891238658227
09_0nm_03run_100d.txt,UMAP,2,16,8,0,0,8904,29,1091,0.6464831259355601,0.5329916050131717,147,730,0.4574211738648097,0.0561767717973681,0.5586308434364353
09_0nm_03run_100d.txt,UMAP,2,16,12,0,0,8904,24,1145,0.6449020897954221,0.5908057488495293,79,418,0.5739519394155265,0.14009448187911,0.6446011419156026
09_0nm_03run_100d.txt,UMAP,2,16,16,0,0,8904,25,1232,0.6287319504082531,0.5871639852492961,63,398,0.6011332646923249,0.1993937032371985,0.6798582247706934
09_0nm_03run_100d.txt,UMAP,2,32,16,0,0,8904,22,1299,0.6248078165812276,0.5820095553416726,14,0,0.7004773002322694,0.1332172158117916,0.7571411946633819
09_0nm_03run_100d.txt,UMAP,2,32,24,0,0,8904,21,1297,0.6244022751233153,0.5857854649048856,17,58,0.69182027276396,0.1709938721754992,0.7545236218961366
09_0nm_03run_100d.txt,UMAP,2,32,32,0,0,8904,20,1380,0.6091992911498123,0.6154872898299958,14,0,0.7004773002322694,0.1332172158117916,0.7571411946633819
09_0nm_03run_100d.txt,UMAP,2,64,32,0,0,8904,17,1477,0.6014551401606991,0.5993580241386655,14,0,0.7004773002322694,0.1332172158117916,0.7571411946633819
09_0nm_03run_100d.txt,UMAP,2,64,48,0,0,8904,14,709,0.5821675097257232,0.6550237588806732,15,0,0.7312928607181296,0.0649413639282243,0.6682309807222405
09_0nm_03run_100d.txt,UMAP,2,64,64,0,0,8904,16,1611,0.5466023250979186,0.6140396207312896,15,0,0.7312928607181296,0.0649413639282243,0.6682309807222405
09_0nm_03run_100d.txt,UMAP,2,128,64,0,0,8904,14,950,0.5523967886650013,0.6689022325552817,15,0,0.7312928607181296,0.0649413639282243,0.6682309807222405
09_0nm_03run_100d.txt,UMAP,2,128,96,0,0,8904,12,988,0.5241331604432419,0.624279631367807,15,66,0.7247920194525672,0.1927861120646348,0.7470415619969192
09_0nm_03run_100d.txt,UMAP,2,128,128,0,0,8904,12,1881,0.4479333112154979,0.5480570451035521,15,100,0.7219839117576036,0.1816720614715741,0.7498016714976377
09_0nm_03run_100d.txt,UMAP,2,256,128,0,0,8904,10,1142,0.483924798432771,0.5784512072106897,15,100,0.7219839117576036,0.1816720614715741,0.7498016714976377
09_0nm_03run_100d.txt,UMAP,2,256,192,0,0,8904,7,850,0.3718699709959664,0.6067924541762476,15,575,0.666322028962116,0.3372658123384464,0.7241243850527788
09_0nm_03run_100d.txt,UMAP,2,256,256,0,0,8904,6,881,0.3389684485732837,0.5863489996764313,12,1331,0.5258401118587809,0.1727547570061358,0.5229479631604108
09_0nm_03run_100d.txt,UMAP,3,4,2,0,0,8904,677,2257,0.1132983169860908,0.3630879496522932,838,1121,0.0317602882506831,0.0859459250937339,0.463914570538472
09_0nm_03run_100d.txt,UMAP,3,4,3,0,0,8904,405,2334,0.2185855731525374,0.3885776157114263,727,1392,0.031110288241611,0.1079842506214338,0.4865203487916641
09_0nm_03run_100d.txt,UMAP,3,4,4,0,0,8904,149,1539,0.525855811972912,0.417099604785591,589,1472,0.0371768820955829,0.1057823137555267,0.5020151790838405
09_0nm_03run_100d.txt,UMAP,3,8,4,0,0,8904,59,1058,0.6428941759015694,0.4237767053138307,403,1039,0.0677601913389608,0.0063970411210775,0.4746915779301752
09_0nm_03run_100d.txt,UMAP,3,8,6,0,0,8904,45,1107,0.6372861089996871,0.4981743201675297,362,1288,0.1540298211208095,0.0574311991391224,0.5207485589153771
09_0nm_03run_100d.txt,UMAP,3,8,8,0,0,8904,43,1265,0.6006339808802825,0.5146203184705116,313,1566,0.1408537628406838,0.0830898039152775,0.5335379719198071
09_0nm_03run_100d.txt,UMAP,3,16,8,0,0,8904,29,1091,0.6464831259355601,0.5329916050131717,112,489,0.5338113538302931,0.060052273320448,0.6795005465784868
09_0nm_03run_100d.txt,UMAP,3,16,12,0,0,8904,24,1145,0.6449020897954221,0.5908057488495293,41,163,0.6464116050473342,0.1516360561194319,0.7420160938459929
09_0nm_03run_100d.txt,UMAP,3,16,16,0,0,8904,25,1232,0.6287319504082531,0.5871639852492961,24,82,0.6823404927137414,0.2092020018129466,0.7832033863789205
09_0nm_03run_100d.txt,UMAP,3,32,16,0,0,8904,22,1299,0.6248078165812276,0.5820095553416726,17,18,0.7008528833785741,0.183794867471778,0.7963344440215178
09_0nm_03run_100d.txt,UMAP,3,32,24,0,0,8904,21,1297,0.6244022751233153,0.5857854649048856,15,0,0.6913804767524668,0.1581319227215026,0.7933566152021949
09_0nm_03run_100d.txt,UMAP,3,32,32,0,0,8904,20,1380,0.6091992911498123,0.6154872898299958,14,0,0.6940716532047339,0.2028799507828985,0.8465267775595585
09_0nm_03run_100d.txt,UMAP,3,64,32,0,0,8904,17,1477,0.6014551401606991,0.5993580241386655,14,0,0.6940716532047339,0.2028799507828985,0.8465267775595585
09_0nm_03run_100d.txt,UMAP,3,64,48,0,0,8904,14,709,0.5821675097257232,0.6550237588806732,16,42,0.742901575704847,0.0818703401861553,0.5411291138450851
09_0nm_03run_100d.txt,UMAP,3,64,64,0,0,8904,16,1611,0.5466023250979186,0.6140396207312896,13,0,0.6914264384738876,0.1914701352735808,0.8566149745942911
09_0nm_03run_100d.txt,UMAP,3,128,64,0,0,8904,14,950,0.5523967886650013,0.6689022325552817,13,0,0.6914264384738876,0.1914701352735808,0.8566149745942911
09_0nm_03run_100d.txt,UMAP,3,128,96,0,0,8904,12,988,0.5241331604432419,0.624279631367807,14,78,0.7119618029516278,0.2850169451082995,0.8380374438944195
09_0nm_03run_100d.txt,UMAP,3,128,128,0,0,8904,12,1881,0.4479333112154979,0.5480570451035521,15,23,0.7740353499389044,-0.1114661140611358,0.3757202124593762
09_0nm_03run_100d.txt,UMAP,3,256,128,0,0,8904,10,1142,0.483924798432771,0.5784512072106897,15,23,0.7740353499389044,-0.1114661140611358,0.3757202124593762
09_0nm_03run_100d.txt,UMAP,3,256,192,0,0,8904,7,850,0.3718699709959664,0.6067924541762476,14,343,0.6907078859541348,0.2956632843556883,0.8353044093434199
09_0nm_03run_100d.txt,UMAP,3,256,256,0,0,8904,6,881,0.3389684485732837,0.5863489996764313,12,359,0.6179430987812001,0.2014559108286063,0.8015664750121899
09_0nm_03run_100d.txt,TriMap,2,4,2,0,0,8904,677,2257,0.1132983169860908,0.3630879496522932,733,1477,0.0311933032764833,0.014708832371356,0.377276983411391
09_0nm_03run_100d.txt,TriMap,2,4,3,0,0,8904,405,2334,0.2185855731525374,0.3885776157114263,625,1754,0.0323909915281103,0.0303606148143334,0.3901085613203808
09_0nm_03run_100d.txt,TriMap,2,4,4,0,0,8904,149,1539,0.525855811972912,0.417099604785591,500,2001,0.030780319346654,0.0382137351509507,0.3986754502843563
09_0nm_03run_100d.txt,TriMap,2,8,4,0,0,8904,59,1058,0.6428941759015694,0.4237767053138307,335,1646,0.149698833211528,0.0565398993625195,0.3762587831292467
09_0nm_03run_100d.txt,TriMap,2,8,6,0,0,8904,45,1107,0.6372861089996871,0.4981743201675297,238,1528,0.2832036734725708,0.0004561837792422,0.3565917519733499
09_0nm_03run_100d.txt,TriMap,2,8,8,0,0,8904,43,1265,0.6006339808802825,0.5146203184705116,188,1588,0.3778398357429908,0.1051410552365633,0.3894717381531548
09_0nm_03run_100d.txt,TriMap,2,16,8,0,0,8904,29,1091,0.6464831259355601,0.5329916050131717,75,834,0.5989367948511948,0.0617954265755146,0.2911825122739892
09_0nm_03run_100d.txt,TriMap,2,16,12,0,0,8904,24,1145,0.6449020897954221,0.5908057488495293,69,952,0.5605450439712415,0.0782219730091276,0.2140007105793841
09_0nm_03run_100d.txt,TriMap,2,16,16,0,0,8904,25,1232,0.6287319504082531,0.5871639852492961,48,667,0.6589685751965795,0.136214253909968,0.2409280937132186
09_0nm_03run_100d.txt,TriMap,2,32,16,0,0,8904,22,1299,0.6248078165812276,0.5820095553416726,21,163,0.7612375520052681,0.0176667651906208,0.1968873320761815
09_0nm_03run_100d.txt,TriMap,2,32,24,0,0,8904,21,1297,0.6244022751233153,0.5857854649048856,18,174,0.7225596055377512,0.1029302865234662,0.2200352041754811
09_0nm_03run_100d.txt,TriMap,2,32,32,0,0,8904,20,1380,0.6091992911498123,0.6154872898299958,20,336,0.7375870303387098,0.1358293859745324,0.3245406564383767
09_0nm_03run_100d.txt,TriMap,2,64,32,0,0,8904,17,1477,0.6014551401606991,0.5993580241386655,12,152,0.3127333958640853,0.1641131004813464,0.128900689737912
09_0nm_03run_100d.txt,TriMap,2,64,48,0,0,8904,14,709,0.5821675097257232,0.6550237588806732,20,773,0.6726308297240101,0.3497649315168524,0.355979078175025
09_0nm_03run_100d.txt,TriMap,2,64,64,0,0,8904,16,1611,0.5466023250979186,0.6140396207312896,20,900,0.633052024998489,0.3162643423998494,0.248543888053749
09_0nm_03run_100d.txt,TriMap,2,128,64,0,0,8904,14,950,0.5523967886650013,0.6689022325552817,13,342,0.5505833828658162,0.0739033356003744,0.0409191270676424
09_0nm_03run_100d.txt,TriMap,2,128,96,0,0,8904,12,988,0.5241331604432419,0.624279631367807,15,928,0.604216070014265,0.3333193689723239,0.3199885078724738
09_0nm_03run_100d.txt,TriMap,2,128,128,0,0,8904,12,1881,0.4479333112154979,0.5480570451035521,10,432,0.4106170322227757,-0.026682875498742,-0.0157116985955852
09_0nm_03run_100d.txt,TriMap,2,256,128,0,0,8904,10,1142,0.483924798432771,0.5784512072106897,11,642,0.5472421518653275,0.2528992782781252,0.0897161396532323
09_0nm_03run_100d.txt,TriMap,2,256,192,0,0,8904,7,850,0.3718699709959664,0.6067924541762476,9,765,0.3498570221255478,-0.1358191281862106,0.0676023939284391
09_0nm_03run_100d.txt,TriMap,2,256,256,0,0,8904,6,881,0.3389684485732837,0.5863489996764313,5,676,0.2097957757786489,0.1259817312167513,0.2324082823843481
09_0nm_03run_100d.txt,TriMap,3,4,2,0,0,8904,677,2257,0.1132983169860908,0.3630879496522932,727,1562,0.0292702340929282,0.0485813718727914,0.3734733720055919
09_0nm_03run_100d.txt,TriMap,3,4,3,0,0,8904,405,2334,0.2185855731525374,0.3885776157114263,634,1855,0.0264844366054088,0.0646514713193153,0.3921059036003223
09_0nm_03run_100d.txt,TriMap,3,4,4,0,0,8904,149,1539,0.525855811972912,0.417099604785591,441,1751,0.1791430415410433,0.140536915226224,0.453520650308846
09_0nm_03run_100d.txt,TriMap,3,8,4,0,0,8904,59,1058,0.6428941759015694,0.4237767053138307,268,1280,0.36654223555607,0.0327828036880432,0.4254880175613517
09_0nm_03run_100d.txt,TriMap,3,8,6,0,0,8904,45,1107,0.6372861089996871,0.4981743201675297,238,1452,0.3293988918281674,0.0817655473372979,0.4432259560915698
09_0nm_03run_100d.txt,TriMap,3,8,8,0,0,8904,43,1265,0.6006339808802825,0.5146203184705116,148,1140,0.5322704872780636,0.1752919118436561,0.504894818390231
09_0nm_03run_100d.txt,TriMap,3,16,8,0,0,8904,29,1091,0.6464831259355601,0.5329916050131717,74,640,0.6105079755716636,0.1366278786278771,0.41476140781863
09_0nm_03run_100d.txt,TriMap,3,16,12,0,0,8904,24,1145,0.6449020897954221,0.5908057488495293,22,177,0.5418933555054442,0.0042755404383016,0.4194082868818575
09_0nm_03run_100d.txt,TriMap,3,16,16,0,0,8904,25,1232,0.6287319504082531,0.5871639852492961,39,822,0.6899296395388129,0.1289928327595871,0.5185578966079301
09_0nm_03run_100d.txt,TriMap,3,32,16,0,0,8904,22,1299,0.6248078165812276,0.5820095553416726,19,117,0.7022195442500715,-0.0336405858949704,0.4396614335631352
09_0nm_03run_100d.txt,TriMap,3,32,24,0,0,8904,21,1297,0.6244022751233153,0.5857854649048856,20,158,0.6794668677146858,0.0317601811117916,0.3529539680205348
09_0nm_03run_100d.txt,TriMap,3,32,32,0,0,8904,20,1380,0.6091992911498123,0.6154872898299958,21,250,0.7483255314609031,0.2648172338156974,0.4883176521754789
09_0nm_03run_100d.txt,TriMap,3,64,32,0,0,8904,17,1477,0.6014551401606991,0.5993580241386655,14,151,0.5375631720347341,0.0774890747148364,0.3363619349966433
09_0nm_03run_100d.txt,TriMap,3,64,48,0,0,8904,14,709,0.5821675097257232,0.6550237588806732,19,629,0.7162697666965283,0.3151317016593531,0.4921859076091242
09_0nm_03run_100d.txt,TriMap,3,64,64,0,0,8904,16,1611,0.5466023250979186,0.6140396207312896,17,506,0.6721048814354229,0.229626902853354,0.4264351302080861
09_0nm_03run_100d.txt,TriMap,3,128,64,0,0,8904,14,950,0.5523967886650013,0.6689022325552817,13,244,0.6905178235023457,0.2409180559444505,0.577591741416192
09_0nm_03run_100d.txt,TriMap,3,128,96,0,0,8904,12,988,0.5241331604432419,0.624279631367807,12,412,0.4899434427413104,0.230720955205663,0.3962749395069112
09_0nm_03run_100d.txt,TriMap,3,128,128,0,0,8904,12,1881,0.4479333112154979,0.5480570451035521,11,686,0.4888988050139505,0.2089105552783726,0.285260542677563
09_0nm_03run_100d.txt,TriMap,3,256,128,0,0,8904,10,1142,0.483924798432771,0.5784512072106897,11,830,0.5644548181343844,0.176316613823322,0.2658651872542456
09_0nm_03run_100d.txt,TriMap,3,256,192,0,0,8904,7,850,0.3718699709959664,0.6067924541762476,11,1911,0.4415130613691082,0.4392803575049162,0.4496467123172877
09_0nm_03run_100d.txt,TriMap,3,256,256,0,0,8904,6,881,0.3389684485732837,0.5863489996764313,8,1456,0.3500446841953818,0.0776663615015193,0.0035049398374398
09_0nm_03run_100d.txt,PaCMAP,2,4,2,10,0,8904,677,2257,0.1132983169860908,0.3630879496522932,803,1439,0.0274956764493453,-0.0500092663773264,0.3893696461621541
09_0nm_03run_100d.txt,PaCMAP,2,4,3,10,0,8904,405,2334,0.2185855731525374,0.3885776157114263,667,1766,0.0300892861874638,-0.0124616458177929,0.4215811822289555
09_0nm_03run_100d.txt,PaCMAP,2,4,4,10,0,8904,149,1539,0.525855811972912,0.417099604785591,534,1879,0.0365530863605629,0.0008495344526308,0.4438196286711153
09_0nm_03run_100d.txt,PaCMAP,2,8,4,10,0,8904,59,1058,0.6428941759015694,0.4237767053138307,364,1534,0.0669103035898347,-0.0665034218126233,0.4243812126729942
09_0nm_03run_100d.txt,PaCMAP,2,8,6,10,0,8904,45,1107,0.6372861089996871,0.4981743201675297,311,1739,0.0740109695873049,-0.0405793897641309,0.4301341640707906
09_0nm_03run_100d.txt,PaCMAP,2,8,8,10,0,8904,43,1265,0.6006339808802825,0.5146203184705116,242,1810,0.1512381980901563,0.0107847909745656,0.457150756344295
09_0nm_03run_100d.txt,PaCMAP,2,16,8,10,0,8904,29,1091,0.6464831259355601,0.5329916050131717,135,1298,0.2979699012807738,-0.0004780290271973,0.4274148185019172
09_0nm_03run_100d.txt,PaCMAP,2,16,12,10,0,8904,24,1145,0.6449020897954221,0.5908057488495293,114,1363,0.2687869466451418,-0.1995503649738704,0.2610025304956379
09_0nm_03run_100d.txt,PaCMAP,2,16,16,10,0,8904,25,1232,0.6287319504082531,0.5871639852492961,82,1277,0.4587167573459821,0.1232505852657047,0.461278768582905
09_0nm_03run_100d.txt,PaCMAP,2,32,16,10,0,8904,22,1299,0.6248078165812276,0.5820095553416726,32,620,0.6296906527141958,0.2607337575215112,0.530212210824027
09_0nm_03run_100d.txt,PaCMAP,2,32,24,10,0,8904,21,1297,0.6244022751233153,0.5857854649048856,26,351,0.653348224343405,0.3345567140840631,0.5539487681186946
09_0nm_03run_100d.txt,PaCMAP,2,32,32,10,0,8904,20,1380,0.6091992911498123,0.6154872898299958,14,69,0.5038365380809797,0.1511609618488741,0.5530397598645101
09_0nm_03run_100d.txt,PaCMAP,2,64,32,10,0,8904,17,1477,0.6014551401606991,0.5993580241386655,13,26,0.5057628982330615,0.1458051771063132,0.5537697493949416
09_0nm_03run_100d.txt,PaCMAP,2,64,48,10,0,8904,14,709,0.5821675097257232,0.6550237588806732,14,61,0.6595386685278881,0.185993902158164,0.4129284746353959
09_0nm_03run_100d.txt,PaCMAP,2,64,64,10,0,8904,16,1611,0.5466023250979186,0.6140396207312896,12,14,0.5220128363639063,0.0678612860207868,0.4042420021853678
09_0nm_03run_100d.txt,PaCMAP,2,128,64,10,0,8904,14,950,0.5523967886650013,0.6689022325552817,16,391,0.6971386111614437,0.1838810910155123,0.3848489244634173
09_0nm_03run_100d.txt,PaCMAP,2,128,96,10,0,8904,12,988,0.5241331604432419,0.624279631367807,12,0,0.5919086769554988,0.0675648480967471,0.1661846678557177
09_0nm_03run_100d.txt,PaCMAP,2,128,128,10,0,8904,12,1881,0.4479333112154979,0.5480570451035521,11,150,0.5071111485120638,0.1368472327887329,0.496576200146207
09_0nm_03run_100d.txt,PaCMAP,2,256,128,10,0,8904,10,1142,0.483924798432771,0.5784512072106897,11,150,0.5071111485120638,0.1368472327887329,0.496576200146207
09_0nm_03run_100d.txt,PaCMAP,2,256,192,10,0,8904,7,850,0.3718699709959664,0.6067924541762476,10,385,0.4623373748247271,0.1584838743783138,0.6282049379182817
09_0nm_03run_100d.txt,PaCMAP,2,256,256,10,0,8904,6,881,0.3389684485732837,0.5863489996764313,9,1081,0.3797669242804473,0.1109548024304831,0.4835629569777545
09_0nm_03run_100d.txt,PaCMAP,3,4,2,10,0,8904,677,2257,0.1132983169860908,0.3630879496522932,833,1469,0.0263245381630458,-0.0225826816728896,0.4097637837253446
09_0nm_03run_100d.txt,PaCMAP,3,4,3,10,0,8904,405,2334,0.2185855731525374,0.3885776157114263,680,1827,0.0277599147486451,0.0187746358887636,0.4495235691201453
09_0nm_03run_100d.txt,PaCMAP,3,4,4,10,0,8904,149,1539,0.525855811972912,0.417099604785591,534,1921,0.0418005705680506,0.0222877260983336,0.4577298499175012
09_0nm_03run_100d.txt,PaCMAP,3,8,4,10,0,8904,59,1058,0.6428941759015694,0.4237767053138307,346,1549,0.0750580773348108,-0.0373255132793393,0.4312166641143386
09_0nm_03run_100d.txt,PaCMAP,3,8,6,10,0,8904,45,1107,0.6372861089996871,0.4981743201675297,318,1810,0.0660829793840991,-0.0007934182585431,0.4654458511537579
09_0nm_03run_100d.txt,PaCMAP,3,8,8,10,0,8904,43,1265,0.6006339808802825,0.5146203184705116,265,1906,0.085803405105483,-0.0027407210561675,0.4756325106637146
09_0nm_03run_100d.txt,PaCMAP,3,16,8,10,0,8904,29,1091,0.6464831259355601,0.5329916050131717,131,1255,0.307173222181093,0.0413116422925977,0.4242779097176365
09_0nm_03run_100d.txt,PaCMAP,3,16,12,10,0,8904,24,1145,0.6449020897954221,0.5908057488495293,108,1528,0.3429449758727648,0.1475759222251471,0.5313887266963652
09_0nm_03run_100d.txt,PaCMAP,3,16,16,10,0,8904,25,1232,0.6287319504082531,0.5871639852492961,81,1316,0.4638097450127285,0.2117948239593687,0.5631146836045321
09_0nm_03run_100d.txt,PaCMAP,3,32,16,10,0,8904,22,1299,0.6248078165812276,0.5820095553416726,35,524,0.690980768574436,0.1313955672452513,0.5572629569207809
09_0nm_03run_100d.txt,PaCMAP,3,32,24,10,0,8904,21,1297,0.6244022751233153,0.5857854649048856,21,247,0.5238982143954082,0.0005947227440801,0.6783085554513392
09_0nm_03run_100d.txt,PaCMAP,3,32,32,10,0,8904,20,1380,0.6091992911498123,0.6154872898299958,15,113,0.5405046098499392,0.0684987000612778,0.7299121868283279
09_0nm_03run_100d.txt,PaCMAP,3,64,32,10,0,8904,17,1477,0.6014551401606991,0.5993580241386655,13,59,0.5449118306469138,0.0569440790002985,0.7337765732962539
09_0nm_03run_100d.txt,PaCMAP,3,64,48,10,0,8904,14,709,0.5821675097257232,0.6550237588806732,14,106,0.528354156457664,-0.0304056213865456,0.6726323906789252
09_0nm_03run_100d.txt,PaCMAP,3,64,64,10,0,8904,16,1611,0.5466023250979186,0.6140396207312896,10,9,0.4357656482836132,0.0802709731751274,0.8158796406285759
09_0nm_03run_100d.txt,PaCMAP,3,128,64,10,0,8904,14,950,0.5523967886650013,0.6689022325552817,10,9,0.4357656482836132,0.0802709731751274,0.8158796406285759
09_0nm_03run_100d.txt,PaCMAP,3,128,96,10,0,8904,12,988,0.5241331604432419,0.624279631367807,11,11,0.4888800220898479,-0.001247470610675,0.371944766225567
09_0nm_03run_100d.txt,PaCMAP,3,128,128,10,0,8904,12,1881,0.4479333112154979,0.5480570451035521,12,93,0.5519021648159489,0.1112203598011336,0.6980683721982716
09_0nm_03run_100d.txt,PaCMAP,3,256,128,10,0,8904,10,1142,0.483924798432771,0.5784512072106897,12,93,0.5519021648159489,0.1112203598011336,0.6980683721982716
09_0nm_03run_100d.txt,PaCMAP,3,256,192,10,0,8904,7,850,0.3718699709959664,0.6067924541762476,10,151,0.4268551881713651,0.1276495224794467,0.8301099342369537
09_0nm_03run_100d.txt,PaCMAP,3,256,256,10,0,8904,6,881,0.3389684485732837,0.5863489996764313,10,311,0.4143925087889066,0.1794413324777954,0.8186459551306519
24_0nm_03run_2000d.txt,tSNE,2,4,2,0,0,6458,349,1135,0.4469798164863786,,536,824,0.1305031281655393,,0.3870992842169137
24_0nm_03run_2000d.txt,tSNE,2,4,3,0,0,6458,216,1223,0.5048108750564464,,334,710,0.3176434313358824,,0.4030233113143927
24_0nm_03run_2000d.txt,tSNE,2,4,4,0,0,6458,84,707,0.6740873039448729,,208,661,0.4790390306133109,,0.4518659540372239
24_0nm_03run_2000d.txt,tSNE,2,8,4,0,0,6458,18,129,0.5398743973583627,,107,368,0.6204966488254597,,0.4053754112422991
24_0nm_03run_2000d.txt,tSNE,2,8,6,0,0,6458,7,9,0.5089030166675657,,56,168,0.7042146497400897,,0.364904659886658
24_0nm_03run_2000d.txt,tSNE,2,8,8,0,0,6458,7,18,0.5089676167857092,,54,225,0.7097901292813275,,0.3369272074672892
24_0nm_03run_2000d.txt,tSNE,2,16,8,0,0,6458,7,18,0.5089676167857092,,40,196,0.7181921862575256,,0.3211892543159367
24_0nm_03run_2000d.txt,tSNE,2,16,12,0,0,6458,8,79,0.5200985195415591,,16,1,0.6929860134733025,,0.3283860662248749
24_0nm_03run_2000d.txt,tSNE,2,16,16,0,0,6458,7,31,0.5091523586015947,,14,0,0.6720833619790167,,0.3393086026404689
24_0nm_03run_2000d.txt,tSNE,2,64,64,0,0,6458,9,287,0.4987922827895845,0.703216330671253,12,63,0.6858093099395881,,0.4151964875547164
24_0nm_03run_2000d.txt,tSNE,2,128,64,0,0,6458,8,198,0.5203613649284223,,11,12,0.6406609022502331,,0.3886218690245261
24_0nm_03run_2000d.txt,tSNE,2,128,96,0,0,6458,8,269,0.5171326968710643,0.7531931939950979,12,317,0.6604544423621594,,0.4286281635391832
24_0nm_03run_2000d.txt,tSNE,2,128,128,0,0,6458,8,339,0.5100854829697988,0.696828080552058,11,1081,0.5379485746234509,,0.4351002800331152
24_0nm_03run_2000d.txt,tSNE,2,256,128,0,0,6458,7,232,0.5011065354784108,0.6883493697732525,9,1095,0.5194210338785622,0.2915283265411573,0.4098887377126632
24_0nm_03run_2000d.txt,tSNE,2,256,192,0,0,6458,7,306,0.4958254136512519,,6,2035,0.2857044961975399,0.027078216903643,0.1758592348513248
24_0nm_03run_2000d.txt,tSNE,2,256,256,0,0,6458,7,568,0.4940776984822193,,2,1368,0.0998798052645359,-0.7646555220117477,-0.5332234589056786
24_0nm_03run_2000d.txt,tSNE,3,4,2,0,0,6458,349,1135,0.4469798164863786,,536,844,0.2038602538361028,,0.3674717722088434
24_0nm_03run_2000d.txt,tSNE,3,4,3,0,0,6458,216,1223,0.5048108750564464,,366,986,0.4232420616893315,,0.3290947695656949
24_0nm_03run_2000d.txt,tSNE,3,4,4,0,0,6458,84,707,0.6740873039448729,,130,507,0.5989936308816722,,0.3080549488008005
24_0nm_03run_2000d.txt,tSNE,3,8,4,0,0,6458,18,129,0.5398743973583627,,68,264,0.6359652819471938,,0.2658068759614815
24_0nm_03run_2000d.txt,tSNE,3,8,6,0,0,6458,7,9,0.5089030166675657,,46,260,0.7058938401987399,,0.3516297412091171
24_0nm_03run_2000d.txt,tSNE,3,8,8,0,0,6458,7,18,0.5089676167857092,,7,0,0.5608746155181111,0.3654662757851561,0.4288824315878756
24_0nm_03run_2000d.txt,tSNE,3,16,8,0,0,6458,7,18,0.5089676167857092,,7,0,0.5608746155181111,0.3654662757851561,0.4288824315878756
24_0nm_03run_2000d.txt,tSNE,3,16,12,0,0,6458,8,79,0.5200985195415591,,9,4,0.646880302324047,0.2897801206617941,0.3175339065489868
24_0nm_03run_2000d.txt,tSNE,3,16,16,0,0,6458,7,31,0.5091523586015947,,8,0,0.6316156016866045,0.3258670534127413,0.378922598671723
24_0nm_03run_2000d.txt,tSNE,3,32,16,0,0,6458,10,278,0.5440816671848389,,8,0,0.6316156016866045,0.3258670534127413,0.378922598671723
24_0nm_03run_2000d.txt,tSNE,3,32,24,0,0,6458,11,324,0.544988406794827,0.6644784427184104,8,0,0.624085067392622,,0.3352913411540166
24_0nm_03run_2000d.txt,tSNE,3,32,32,0,0,6458,10,524,0.522423838956099,,8,2,0.6239546020083266,,0.3354083447458668
24_0nm_03run_2000d.txt,tSNE,3,64,32,0,0,6458,9,216,0.5026503768296677,,8,2,0.6239546020083266,,0.3354083447458668
24_0nm_03run_2000d.txt,tSNE,3,64,48,0,0,6458,8,187,0.5213767003532398,,9,79,0.6406625165125293,0.4023600246748003,0.4432956447408055
24_0nm_03run_2000d.txt,tSNE,3,64,64,0,0,6458,9,287,0.4987922827895845,0.703216330671253,9,187,0.6282182036362205,0.3512201769752406,0.3617118511386872
24_0nm_03run_2000d.txt,tSNE,3,128,64,0,0,6458,8,198,0.5203613649284223,,9,187,0.6282182036362205,0.3512201769752406,0.3617118511386872
24_0nm_03run_2000d.txt,tSNE,3,128,96,0,0,6458,8,269,0.5171326968710643,0.7531931939950979,8,450,0.57042499120032,0.3647554317872367,0.4126578233320174
24_0nm_03run_2000d.txt,tSNE,3,128,128,0,0,6458,8,339,0.5100854829697988,0.696828080552058,8,1791,0.3482701696070172,,0.3172078699137947
24_0nm_03run_2000d.txt,tSNE,3,256,128,0,0,6458,7,232,0.5011065354784108,0.6883493697732525,8,1791,0.3482701696070172,,0.3172078699137947
24_0nm_03run_2000d.txt,tSNE,3,256,192,0,0,6458,7,306,0.4958254136512519,,3,2997,0.1402170582404121,,-0.267191023632261
24_0nm_03run_2000d.txt,tSNE,3,256,256,0,0,6458,7,568,0.4940776984822193,,3,4283,0.0571936401097401,,0.1310864975218948
24_0nm_03run_2000d.txt,UMAP,2,4,2,0,0,6458,349,1135,0.4469798164863786,,628,733,0.0301063559889701,,0.4680386898655894
24_0nm_03run_2000d.txt,UMAP,2,4,3,0,0,6458,216,1223,0.5048108750564464,,543,901,0.0324683985399321,,0.4865353938543985
24_0nm_03run_2000d.txt,UMAP,2,4,4,0,0,6458,84,707,0.6740873039448729,,434,986,0.0385418225483253,,0.5098483144553763
24_0nm_03run_2000d.txt,UMAP,2,8,4,0,0,6458,18,129,0.5398743973583627,,292,663,0.0768902844731208,,0.4779604505619405
24_0nm_03run_2000d.txt,UMAP,2,8,6,0,0,6458,7,9,0.5089030166675657,,258,891,0.075564374436623,,0.5088107229227947
24_0nm_03run_2000d.txt,UMAP,2,8,8,0,0,6458,7,18,0.5089676167857092,,232,945,0.0833962117168011,,0.5280426111413962
24_0nm_03run_2000d.txt,UMAP,2,16,8,0,0,6458,7,18,0.5089676167857092,,108,402,0.3840857528434608,,0.4871882191774297
24_0nm_03run_2000d.txt,UMAP,2,16,12,0,0,6458,8,79,0.5200985195415591,,62,313,0.6117514635647581,,0.5480055205590615
24_0nm_03run_2000d.txt,UMAP,2,16,16,0,0,6458,7,31,0.5091523586015947,,35,82,0.6700660318230334,,0.5667531521544338
24_0nm_03run_2000d.txt,UMAP,2,32,16,0,0,6458,10,278,0.5440816671848389,,27,35,0.6765607051505589,,0.5645939203028075
24_0nm_03run_2000d.txt,UMAP,2,32,24,0,0,6458,11,324,0.544988406794827,0.6644784427184104,20,8,0.5867365234257954,,0.6380458562606787
24_0nm_03run_2000d.txt,UMAP,2,32,32,0,0,6458,10,524,0.522423838956099,,25,44,0.6610834496064453,,0.522719567829558
24_0nm_03run_2000d.txt,UMAP,2,64,32,0,0,6458,9,216,0.5026503768296677,,24,105,0.6603768400777251,,0.513935701969535
24_0nm_03run_2000d.txt,UMAP,2,64,48,0,0,6458,8,187,0.5213767003532398,,18,35,0.5935091997324748,,0.6350624709848036
24_0nm_03run_2000d.txt,UMAP,2,64,64,0,0,6458,9,287,0.4987922827895845,0.703216330671253,19,124,0.6876674528680969,,0.4382140195002705
24_0nm_03run_2000d.txt,UMAP,2,128,64,0,0,6458,8,198,0.5203613649284223,,14,63,0.6700328811969024,,0.3008642070205203
24_0nm_03run_2000d.txt,UMAP,2,128,96,0,0,6458,8,269,0.5171326968710643,0.7531931939950979,14,182,0.6525622204837971,,0.2272456668514547
24_0nm_03run_2000d.txt,UMAP,2,128,128,0,0,6458,8,339,0.5100854829697988,0.696828080552058,13,429,0.6079157834301969,,0.2460999995920633
24_0nm_03run_2000d.txt,UMAP,2,256,128,0,0,6458,7,232,0.5011065354784108,0.6883493697732525,10,794,0.568922216623432,,0.2289780389183786
24_0nm_03run_2000d.txt,UMAP,2,256,192,0,0,6458,7,306,0.4958254136512519,,8,1513,0.4567913687680944,,0.4468523533431798
24_0nm_03run_2000d.txt,UMAP,2,256,256,0,0,6458,7,568,0.4940776984822193,,6,1692,0.296736191137736,,0.4001384563239387
24_0nm_03run_2000d.txt,UMAP,3,4,2,0,0,6458,349,1135,0.4469798164863786,,627,746,0.0308592767162463,,0.490319866887464
24_0nm_03run_2000d.txt,UMAP,3,4,3,0,0,6458,216,1223,0.5048108750564464,,533,853,0.0363857666327564,,0.5181030216844554
24_0nm_03run_2000d.txt,UMAP,3,4,4,0,0,6458,84,707,0.6740873039448729,,418,931,0.0421372364881662,,0.5218797554122276
24_0nm_03run_2000d.txt,UMAP,3,8,4,0,0,6458,18,129,0.5398743973583627,,298,753,0.061998256544017,,0.4895496601860228
24_0nm_03run_2000d.txt,UMAP,3,8,6,0,0,6458,7,9,0.5089030166675657,,255,874,0.0770974550750052,,0.5250721045221384
24_0nm_03run_2000d.txt,UMAP,3,8,8,0,0,6458,7,18,0.5089676167857092,,229,1001,0.0814678050963295,,0.5396713554730035
24_0nm_03run_2000d.txt,UMAP,3,16,8,0,0,6458,7,18,0.5089676167857092,,112,502,0.4809525707249055,,0.6181529354720036
24_0nm_03run_2000d.txt,UMAP,3,16,12,0,0,6458,8,79,0.5200985195415591,,56,291,0.6087354787778098,,0.7443795505576664
24_0nm_03run_2000d.txt,UMAP,3,16,16,0,0,6458,7,31,0.5091523586015947,,22,60,0.6874456881879201,,0.7909656497670936
24_0nm_03run_2000d.txt,UMAP,3,32,16,0,0,6458,10,278,0.5440816671848389,,17,19,0.6943471305611938,,0.7866935636037516
24_0nm_03run_2000d.txt,UMAP,3,32,24,0,0,6458,11,324,0.544988406794827,0.6644784427184104,13,2,0.6929802549777472,,0.7942777869478176
24_0nm_03run_2000d.txt,UMAP,3,32,32,0,0,6458,10,524,0.522423838956099,,13,59,0.6913684332543699,,0.7891729127419239
24_0nm_03run_2000d.txt,UMAP,3,64,32,0,0,6458,9,216,0.5026503768296677,,12,9,0.6973412327577094,,0.7918224806062711
24_0nm_03run_2000d.txt,UMAP,3,64,48,0,0,6458,8,187,0.5213767003532398,,11,28,0.6998082778397188,,0.8001775817024758
24_0nm_03run_2000d.txt,UMAP,3,64,64,0,0,6458,9,287,0.4987922827895845,0.703216330671253,11,54,0.6983842152682929,,0.7998102906158251
24_0nm_03run_2000d.txt,UMAP,3,128,64,0,0,6458,8,198,0.5203613649284223,,11,54,0.6983842152682929,,0.7998102906158251
24_0nm_03run_2000d.txt,UMAP,3,128,96,0,0,6458,8,269,0.5171326968710643,0.7531931939950979,8,28,0.6207215170124563,,0.8479962156131696
24_0nm_03run_2000d.txt,UMAP,3,128,128,0,0,6458,8,339,0.5100854829697988,0.696828080552058,8,54,0.616751068149864,,0.7963987477329062
24_0nm_03run_2000d.txt,UMAP,3,256,128,0,0,6458,7,232,0.5011065354784108,0.6883493697732525,8,54,0.616751068149864,,0.7963987477329062
24_0nm_03run_2000d.txt,UMAP,3,256,192,0,0,6458,7,306,0.4958254136512519,,8,86,0.6150115864136957,,0.8508229224865557
24_0nm_03run_2000d.txt,UMAP,3,256,256,0,0,6458,7,568,0.4940776984822193,,7,13,0.5616762881004509,0.3644804706603659,0.8336821443024864
24_0nm_03run_2000d.txt,TriMap,2,4,2,0,0,6458,349,1135,0.4469798164863786,,593,986,0.0292139992596222,,0.391782704099326
24_0nm_03run_2000d.txt,TriMap,2,4,3,0,0,6458,216,1223,0.5048108750564464,,495,1168,0.0309436037558132,,0.4088458356662905
24_0nm_03run_2000d.txt,TriMap,2,4,4,0,0,6458,84,707,0.6740873039448729,,378,1234,0.0421926841036673,,0.4436813671066122
24_0nm_03run_2000d.txt,TriMap,2,8,4,0,0,6458,18,129,0.5398743973583627,,242,1020,0.1580435885502115,,0.3707648102052281
24_0nm_03run_2000d.txt,TriMap,2,8,6,0,0,6458,7,9,0.5089030166675657,,194,995,0.3558926778724511,,0.4191101164782908
24_0nm_03run_2000d.txt,TriMap,2,8,8,0,0,6458,7,18,0.5089676167857092,,160,1080,0.3575398569565983,,0.4789990080053015
24_0nm_03run_2000d.txt,TriMap,2,16,8,0,0,6458,7,18,0.5089676167857092,,50,314,0.4744196674743068,,0.5685591232620236
24_0nm_03run_2000d.txt,TriMap,2,16,12,0,0,6458,8,79,0.5200985195415591,,31,336,0.5555973221112906,,0.6337652414098989
24_0nm_03run_2000d.txt,TriMap,2,16,16,0,0,6458,7,31,0.5091523586015947,,19,239,0.581122463158795,,0.6570195042025968
24_0nm_03run_2000d.txt,TriMap,2,32,16,0,0,6458,10,278,0.5440816671848389,,16,175,0.571269691846983,,0.5908964448425447
24_0nm_03run_2000d.txt,TriMap,2,32,24,0,0,6458,11,324,0.544988406794827,0.6644784427184104,16,180,0.5420650177903052,,0.5353572413653669
24_0nm_03run_2000d.txt,TriMap,2,32,32,0,0,6458,10,524,0.522423838956099,,16,235,0.5332961818051071,,0.5275492920520741
24_0nm_03run_2000d.txt,TriMap,2,64,32,0,0,6458,9,216,0.5026503768296677,,10,101,0.5582268805007452,0.4961312747579087,0.4767546724568949
24_0nm_03run_2000d.txt,TriMap,2,64,48,0,0,6458,8,187,0.5213767003532398,,14,221,0.5042636347303359,,0.6384103427324102
24_0nm_03run_2000d.txt,TriMap,2,64,64,0,0,6458,9,287,0.4987922827895845,0.703216330671253,11,210,0.528741159105391,,0.6278291544486349
24_0nm_03run_2000d.txt,TriMap,2,128,64,0,0,6458,8,198,0.5203613649284223,,11,267,0.5290468910217935,,0.5786560637717572
24_0nm_03run_2000d.txt,TriMap,2,128,96,0,0,6458,8,269,0.5171326968710643,0.7531931939950979,9,218,0.5362023025065057,,0.4398897677770895
24_0nm_03run_2000d.txt,TriMap,2,128,128,0,0,6458,8,339,0.5100854829697988,0.696828080552058,9,576,0.5182711353963217,,0.6464101503392465
24_0nm_03run_2000d.txt,TriMap,2,256,128,0,0,6458,7,232,0.5011065354784108,0.6883493697732525,7,114,0.515648503020159,0.3693240754267733,0.5370251643776263
24_0nm_03run_2000d.txt,TriMap,2,256,192,0,0,6458,7,306,0.4958254136512519,,7,487,0.4904555919417591,0.4653484374468717,0.6367268401365778
24_0nm_03run_2000d.txt,TriMap,2,256,256,0,0,6458,7,568,0.4940776984822193,,4,205,0.2219818530704216,0.4542984453146361,0.7590368273533717
24_0nm_03run_2000d.txt,TriMap,3,4,2,0,0,6458,349,1135,0.4469798164863786,,584,1016,0.0282483689346588,,0.3997255919326741
24_0nm_03run_2000d.txt,TriMap,3,4,3,0,0,6458,216,1223,0.5048108750564464,,484,1156,0.0324953424798632,,0.4464999556506516
24_0nm_03run_2000d.txt,TriMap,3,4,4,0,0,6458,84,707,0.6740873039448729,,365,1315,0.0384551727957968,,0.4416750103937891
24_0nm_03run_2000d.txt,TriMap,3,8,4,0,0,6458,18,129,0.5398743973583627,,250,980,0.1170605773201114,,0.4255651935177278
24_0nm_03run_2000d.txt,TriMap,3,8,6,0,0,6458,7,9,0.5089030166675657,,209,1160,0.1988710773695276,,0.4827844705034984
24_0nm_03run_2000d.txt,TriMap,3,8,8,0,0,6458,7,18,0.5089676167857092,,162,1056,0.3497538808279412,,0.4781790068498163
24_0nm_03run_2000d.txt,TriMap,3,16,8,0,0,6458,7,18,0.5089676167857092,,78,603,0.575526823334186,,0.4639390476280413
24_0nm_03run_2000d.txt,TriMap,3,16,12,0,0,6458,8,79,0.5200985195415591,,20,156,0.5616586000339584,,0.5858094312209854
24_0nm_03run_2000d.txt,TriMap,3,16,16,0,0,6458,7,31,0.5091523586015947,,14,118,0.5857358686172496,,0.6764424928664929
24_0nm_03run_2000d.txt,TriMap,3,32,16,0,0,6458,10,278,0.5440816671848389,,15,209,0.5584755769829591,,0.657411976885701
24_0nm_03run_2000d.txt,TriMap,3,32,24,0,0,6458,11,324,0.544988406794827,0.6644784427184104,12,158,0.5664869834829367,,0.6349415100576413
24_0nm_03run_2000d.txt,TriMap,3,32,32,0,0,6458,10,524,0.522423838956099,,14,182,0.5321290042496469,,0.6271131259306635
24_0nm_03run_2000d.txt,TriMap,3,64,32,0,0,6458,9,216,0.5026503768296677,,11,120,0.5487687120591154,,0.7025246129487002
24_0nm_03run_2000d.txt,TriMap,3,64,48,0,0,6458,8,187,0.5213767003532398,,10,44,0.5557480835837691,,0.6082845755882011
24_0nm_03run_2000d.txt,TriMap,3,64,64,0,0,6458,9,287,0.4987922827895845,0.703216330671253,11,213,0.5314246869612581,,0.7019096761268706
24_0nm_03run_2000d.txt,TriMap,3,128,64,0,0,6458,8,198,0.5203613649284223,,10,175,0.5529283674611806,,0.742068509148498
24_0nm_03run_2000d.txt,TriMap,3,128,96,0,0,6458,8,269,0.5171326968710643,0.7531931939950979,10,260,0.546218348455435,,0.7934919349025494
24_0nm_03run_2000d.txt,TriMap,3,128,128,0,0,6458,8,339,0.5100854829697988,0.696828080552058,9,455,0.5417791144996087,,0.7377610568038957
24_0nm_03run_2000d.txt,TriMap,3,256,128,0,0,6458,7,232,0.5011065354784108,0.6883493697732525,8,352,0.547469674256183,,0.6921942735613377
24_0nm_03run_2000d.txt,TriMap,3,256,192,0,0,6458,7,306,0.4958254136512519,,8,343,0.529274569535063,,0.6488965722772172
24_0nm_03run_2000d.txt,TriMap,3,256,256,0,0,6458,7,568,0.4940776984822193,,4,258,0.2186461932632028,0.4718925913804306,0.7377231810488439
24_0nm_03run_2000d.txt,PaCMAP,2,4,2,10,0,6458,349,1135,0.4469798164863786,,601,1009,0.0282608228550316,,0.4074124171021608
24_0nm_03run_2000d.txt,PaCMAP,2,4,3,10,0,6458,216,1223,0.5048108750564464,,498,1292,0.0285421774963857,,0.4367841905221249
24_0nm_03run_2000d.txt,PaCMAP,2,4,4,10,0,6458,84,707,0.6740873039448729,,388,1336,0.0345829476331321,,0.4613072901777916
24_0nm_03run_2000d.txt,PaCMAP,2,8,4,10,0,6458,18,129,0.5398743973583627,,266,1099,0.0598780110954207,,0.4339544609098078
24_0nm_03run_2000d.txt,PaCMAP,2,8,6,10,0,6458,7,9,0.5089030166675657,,194,1032,0.2246117797775253,,0.229747850258779
24_0nm_03run_2000d.txt,PaCMAP,2,8,8,10,0,6458,7,18,0.5089676167857092,,199,1325,0.1018617325324549,,0.4613373213910838
24_0nm_03run_2000d.txt,PaCMAP,2,16,8,10,0,6458,7,18,0.5089676167857092,,77,549,0.4526247670428144,,0.4790485370984005
24_0nm_03run_2000d.txt,PaCMAP,2,16,12,10,0,6458,8,79,0.5200985195415591,,52,398,0.4837601218028608,,0.5723250324857816
24_0nm_03run_2000d.txt,PaCMAP,2,16,16,10,0,6458,7,31,0.5091523586015947,,36,449,0.5197938751243252,,0.586455586557092
24_0nm_03run_2000d.txt,PaCMAP,2,32,16,10,0,6458,10,278,0.5440816671848389,,20,236,0.5574100328480406,,0.5725524496947715
24_0nm_03run_2000d.txt,PaCMAP,2,32,24,10,0,6458,11,324,0.544988406794827,0.6644784427184104,7,0,0.4570886139912368,0.1111101029015053,0.6341811924076778
24_0nm_03run_2000d.txt,PaCMAP,2,32,32,10,0,6458,10,524,0.522423838956099,,7,0,0.4570886139912368,0.1111101029015053,0.6341811924076778
24_0nm_03run_2000d.txt,PaCMAP,2,64,32,10,0,6458,9,216,0.5026503768296677,,7,0,0.4570886139912368,0.1111101029015053,0.6341811924076778
24_0nm_03run_2000d.txt,PaCMAP,2,64,48,10,0,6458,8,187,0.5213767003532398,,7,0,0.4570886139912368,0.1111101029015053,0.6341811924076778
24_0nm_03run_2000d.txt,PaCMAP,2,64,64,10,0,6458,9,287,0.4987922827895845,0.703216330671253,11,133,0.651558166381019,,0.3343404502277531
24_0nm_03run_2000d.txt,PaCMAP,2,128,64,10,0,6458,8,198,0.5203613649284223,,11,133,0.651558166381019,,0.3343404502277531
24_0nm_03run_2000d.txt,PaCMAP,2,128,96,10,0,6458,8,269,0.5171326968710643,0.7531931939950979,8,56,0.4968370543839167,0.0758753181050349,0.628195304607205
24_0nm_03run_2000d.txt,PaCMAP,2,128,128,10,0,6458,8,339,0.5100854829697988,0.696828080552058,7,33,0.4553912305861498,0.1220780573442495,0.6331089886821354
24_0nm_03run_2000d.txt,PaCMAP,2,256,128,10,0,6458,7,232,0.5011065354784108,0.6883493697732525,6,0,0.4347365143375449,-0.0072627084292727,0.4906224438150782
24_0nm_03run_2000d.txt,PaCMAP,2,256,192,10,0,6458,7,306,0.4958254136512519,,7,336,0.4486278234987599,0.0764514951749162,0.476277931726152
24_0nm_03run_2000d.txt,PaCMAP,2,256,256,10,0,6458,7,568,0.4940776984822193,,6,765,0.3729192667421571,,0.4813153564144284
24_0nm_03run_2000d.txt,PaCMAP,3,4,2,10,0,6458,349,1135,0.4469798164863786,,613,1044,0.0255124123959676,,0.4223372823537733
24_0nm_03run_2000d.txt,PaCMAP,3,4,3,10,0,6458,216,1223,0.5048108750564464,,454,1121,0.1596724682792265,,0.3322539868532964
24_0nm_03run_2000d.txt,PaCMAP,3,4,4,10,0,6458,84,707,0.6740873039448729,,383,1356,0.034230545176481,,0.4718965040301472
24_0nm_03run_2000d.txt,PaCMAP,3,8,4,10,0,6458,18,129,0.5398743973583627,,277,1150,0.0534249974902172,,0.4472594697234106
24_0nm_03run_2000d.txt,PaCMAP,3,8,6,10,0,6458,7,9,0.5089030166675657,,226,1244,0.1474196151000432,,0.4945882366408011
24_0nm_03run_2000d.txt,PaCMAP,3,8,8,10,0,6458,7,18,0.5089676167857092,,159,914,0.2935497830136302,,0.6039340246127803
24_0nm_03run_2000d.txt,PaCMAP,3,16,8,10,0,6458,7,18,0.5089676167857092,,84,533,0.439299344493323,,0.6139902561444807
24_0nm_03run_2000d.txt,PaCMAP,3,16,12,10,0,6458,8,79,0.5200985195415591,,50,414,0.4537089524660809,,0.6937140929376143
24_0nm_03run_2000d.txt,PaCMAP,3,16,16,10,0,6458,7,31,0.5091523586015947,,33,420,0.5115449428914868,,0.7246482076676886
24_0nm_03run_2000d.txt,PaCMAP,3,32,16,10,0,6458,10,278,0.5440816671848389,,13,42,0.5163083677190684,0.3390349295971318,0.6895334951879494
24_0nm_03run_2000d.txt,PaCMAP,3,32,24,10,0,6458,11,324,0.544988406794827,0.6644784427184104,6,0,0.4620588663813647,0.5639983545658187,0.7989947520531367
24_0nm_03run_2000d.txt,PaCMAP,3,32,32,10,0,6458,10,524,0.522423838956099,,6,0,0.4620588663813647,0.5639983545658187,0.7989947520531367
24_0nm_03run_2000d.txt,PaCMAP,3,64,32,10,0,6458,9,216,0.5026503768296677,,6,0,0.4620588663813647,0.5639983545658187,0.7989947520531367
24_0nm_03run_2000d.txt,PaCMAP,3,64,48,10,0,6458,8,187,0.5213767003532398,,6,0,0.4620588663813647,0.5639983545658187,0.7989947520531367
24_0nm_03run_2000d.txt,PaCMAP,3,64,64,10,0,6458,9,287,0.4987922827895845,0.703216330671253,8,4,0.5172061717577369,0.0615624683629682,0.1931707181104897
24_0nm_03run_2000d.txt,PaCMAP,3,128,64,10,0,6458,8,198,0.5203613649284223,,8,4,0.5172061717577369,0.0615624683629682,0.1931707181104897
24_0nm_03run_2000d.txt,PaCMAP,3,128,96,10,0,6458,8,269,0.5171326968710643,0.7531931939950979,8,35,0.6167422178654592,0.1332984596305255,0.371622728957625
24_0nm_03run_2000d.txt,PaCMAP,3,128,128,10,0,6458,8,339,0.5100854829697988,0.696828080552058,7,0,0.5018497344290331,0.341267787356271,0.5056567049488787
24_0nm_03run_2000d.txt,PaCMAP,3,256,128,10,0,6458,7,232,0.5011065354784108,0.6883493697732525,7,0,0.5018497344290331,0.341267787356271,0.5056567049488787
24_0nm_03run_2000d.txt,PaCMAP,3,256,192,10,0,6458,7,306,0.4958254136512519,,6,142,0.4512721826481814,,0.7886451460575854
24_0nm_03run_2000d.txt,PaCMAP,3,256,256,10,0,6458,7,568,0.4940776984822193,,6,517,0.4318220559625304,,0.7615477994811827
19_0nm_03run_1000d.txt,tSNE,2,4,2,0,0,12862,1038,3409,0.0474843026117067,,1181,1663,0.0730799813379931,,0.4031168544455462
19_0nm_03run_1000d.txt,tSNE,2,4,3,0,0,12862,512,2865,0.2403405643160014,0.4269708872967112,935,1980,0.0777934757476038,,0.4070907671534751
19_0nm_03run_1000d.txt,tSNE,2,4,4,0,0,12862,257,2274,0.3665454878143334,,635,1841,0.2078288912576335,,0.4405706130792923
19_0nm_03run_1000d.txt,tSNE,2,8,4,0,0,12862,111,1627,0.4628433389191695,,354,1142,0.3573398507282584,,0.3578281540642507
19_0nm_03run_1000d.txt,tSNE,2,8,6,0,0,12862,44,879,0.5132274013111259,,198,841,0.5707834794203264,,0.3439787567323568
19_0nm_03run_1000d.txt,tSNE,2,8,8,0,0,12862,39,899,0.5168406062628716,,153,809,0.5855821657584626,,0.3477232844136883
19_0nm_03run_1000d.txt,tSNE,2,16,8,0,0,12862,36,941,0.5192228767269971,,88,467,0.685153378549599,,0.2525020683337711
19_0nm_03run_1000d.txt,tSNE,2,16,12,0,0,12862,27,810,0.5241689366401711,,51,274,0.7287874987702726,,0.2510816807024512
19_0nm_03run_1000d.txt,tSNE,2,16,16,0,0,12862,26,805,0.5264952111638561,,46,338,0.7393341206060118,,0.2724332433978075
19_0nm_03run_1000d.txt,tSNE,2,32,16,0,0,12862,23,974,0.5190409303541318,,35,188,0.7501231788625128,,0.250539755023638
19_0nm_03run_1000d.txt,tSNE,2,32,24,0,0,12862,23,1161,0.4962544287150738,,34,340,0.7289951813964612,,0.268374937865399
19_0nm_03run_1000d.txt,tSNE,2,32,32,0,0,12862,23,1118,0.5243412601150229,0.6488327852829759,22,84,0.6617055507904566,,0.3397008882815281
19_0nm_03run_1000d.txt,tSNE,2,64,32,0,0,12862,20,1106,0.527317558201001,0.6409490659428411,23,84,0.6857236387280762,,0.3305161053394653
19_0nm_03run_1000d.txt,tSNE,2,64,48,0,0,12862,22,1755,0.4507488501924141,,21,159,0.6171880417354073,,0.2928770220000117
19_0nm_03run_1000d.txt,tSNE,2,64,64,0,0,12862,20,1852,0.4438053850602672,,20,161,0.6525027710147369,,0.2076108072762517
19_0nm_03run_1000d.txt,tSNE,2,128,64,0,0,12862,18,1742,0.4563689313433315,,19,252,0.6519650538076917,,0.2012698929747647
19_0nm_03run_1000d.txt,tSNE,2,128,96,0,0,12862,16,1651,0.4304145551221795,,19,865,0.6299569982593556,,0.3793967598707378
19_0nm_03run_1000d.txt,tSNE,2,128,128,0,0,12862,16,2094,0.3907495851418997,,19,1869,0.5262914443575716,,0.4108602889396872
19_0nm_03run_1000d.txt,tSNE,2,256,128,0,0,12862,14,2024,0.3889256534803185,,18,1767,0.5254332624917205,,0.3903190058840908
19_0nm_03run_1000d.txt,tSNE,2,256,192,0,0,12862,13,2459,0.3252501955132264,,11,4221,0.2320349159497466,,0.2446918224964158
19_0nm_03run_1000d.txt,tSNE,2,256,256,0,0,12862,11,2605,0.3005648118157694,,5,4374,0.0957735715571176,,0.0487333688492195
19_0nm_03run_1000d.txt,tSNE,3,4,2,0,0,12862,1038,3409,0.0474843026117067,,1241,1873,0.0227576827327566,,0.3894359575544353
19_0nm_03run_1000d.txt,tSNE,3,4,3,0,0,12862,512,2865,0.2403405643160014,0.4269708872967112,970,2371,0.0861877668870753,,0.4034067566316533
19_0nm_03run_1000d.txt,tSNE,3,4,4,0,0,12862,257,2274,0.3665454878143334,,493,1819,0.3075872344515814,,0.3870414134826082
19_0nm_03run_1000d.txt,tSNE,3,8,4,0,0,12862,111,1627,0.4628433389191695,,222,984,0.4279085361038727,,0.2925172780385499
19_0nm_03run_1000d.txt,tSNE,3,8,6,0,0,12862,44,879,0.5132274013111259,,133,863,0.5095106332531102,,0.2562630391172391
19_0nm_03run_1000d.txt,tSNE,3,8,8,0,0,12862,39,899,0.5168406062628716,,93,781,0.5258238676163298,,0.3079165171643773
19_0nm_03run_1000d.txt,tSNE,3,16,8,0,0,12862,36,941,0.5192228767269971,,14,5,0.4777429230589461,,0.1730214694318347
19_0nm_03run_1000d.txt,tSNE,3,16,12,0,0,12862,27,810,0.5241689366401711,,14,8,0.4775967176313649,,0.2179593529387488
19_0nm_03run_1000d.txt,tSNE,3,16,16,0,0,12862,26,805,0.5264952111638561,,13,2,0.4219870539464241,,0.1955894130983678
19_0nm_03run_1000d.txt,tSNE,3,32,16,0,0,12862,23,974,0.5190409303541318,,13,2,0.4219870539464241,,0.1955894130983678
19_0nm_03run_1000d.txt,tSNE,3,32,24,0,0,12862,23,1161,0.4962544287150738,,13,3,0.4219404190809836,,0.1975876574154054
19_0nm_03run_1000d.txt,tSNE,3,32,32,0,0,12862,23,1118,0.5243412601150229,0.6488327852829759,12,4,0.3309511010369477,,0.2202880596156949
19_0nm_03run_1000d.txt,tSNE,3,64,32,0,0,12862,20,1106,0.527317558201001,0.6409490659428411,12,4,0.3309511010369477,,0.2202880596156949
19_0nm_03run_1000d.txt,tSNE,3,64,48,0,0,12862,22,1755,0.4507488501924141,,12,39,0.3756510596318232,,-0.0024488055059769
19_0nm_03run_1000d.txt,tSNE,3,64,64,0,0,12862,20,1852,0.4438053850602672,,14,119,0.5135551478183791,,0.1171552367505562
19_0nm_03run_1000d.txt,tSNE,3,128,64,0,0,12862,18,1742,0.4563689313433315,,14,119,0.5135551478183791,,0.1171552367505562
19_0nm_03run_1000d.txt,tSNE,3,128,96,0,0,12862,16,1651,0.4304145551221795,,15,1184,0.4907186636246847,,0.355405877361213
19_0nm_03run_1000d.txt,tSNE,3,128,128,0,0,12862,16,2094,0.3907495851418997,,15,3178,0.3569428811745411,,0.345615886686261
19_0nm_03run_1000d.txt,tSNE,3,256,128,0,0,12862,14,2024,0.3889256534803185,,13,3121,0.358873588077458,,0.3080057121894968
19_0nm_03run_1000d.txt,tSNE,3,256,192,0,0,12862,13,2459,0.3252501955132264,,2,2477,0.0194297795102728,-0.645953714019643,0.0222961278528562
19_0nm_03run_1000d.txt,tSNE,3,256,256,0,0,12862,11,2605,0.3005648118157694,,6,9110,0.0248554012636784,,0.0380190093291959
19_0nm_03run_1000d.txt,UMAP,2,4,2,0,0,12862,1038,3409,0.0474843026117067,,1245,1608,0.0265745547148936,,0.4599354238623845
19_0nm_03run_1000d.txt,UMAP,2,4,3,0,0,12862,512,2865,0.2403405643160014,0.4269708872967112,1081,1967,0.0259235612092437,,0.479601428212735
19_0nm_03run_1000d.txt,UMAP,2,4,4,0,0,12862,257,2274,0.3665454878143334,,844,2124,0.0315455383106235,,0.4921339837288641
19_0nm_03run_1000d.txt,UMAP,2,8,4,0,0,12862,111,1627,0.4628433389191695,,561,1516,0.063475938210107,,0.4533798965303625
19_0nm_03run_1000d.txt,UMAP,2,8,6,0,0,12862,44,879,0.5132274013111259,,482,1857,0.1040283777428059,,0.4554424835696334
19_0nm_03run_1000d.txt,UMAP,2,8,8,0,0,12862,39,899,0.5168406062628716,,416,2116,0.1229003171932533,,0.4791855368444548
19_0nm_03run_1000d.txt,UMAP,2,16,8,0,0,12862,36,941,0.5192228767269971,,230,1226,0.3090996905454663,,0.4271135559195517
19_0nm_03run_1000d.txt,UMAP,2,16,12,0,0,12862,27,810,0.5241689366401711,,166,1180,0.4588327951495867,,0.5052598843219666
19_0nm_03run_1000d.txt,UMAP,2,16,16,0,0,12862,26,805,0.5264952111638561,,127,1200,0.5311029333940238,,0.5117503022891764
19_0nm_03run_1000d.txt,UMAP,2,32,16,0,0,12862,23,974,0.5190409303541318,,72,633,0.6420853751877194,,0.4545388376328295
19_0nm_03run_1000d.txt,UMAP,2,32,24,0,0,12862,23,1161,0.4962544287150738,,42,369,0.5973272619133536,,0.3768630369388245
19_0nm_03run_1000d.txt,UMAP,2,32,32,0,0,12862,23,1118,0.5243412601150229,0.6488327852829759,34,242,0.6439262517648952,,0.331691612699117
19_0nm_03run_1000d.txt,UMAP,2,64,32,0,0,12862,20,1106,0.527317558201001,0.6409490659428411,31,195,0.6495243487335647,,0.2936630301175493
19_0nm_03run_1000d.txt,UMAP,2,64,48,0,0,12862,22,1755,0.4507488501924141,,20,160,0.5770897429581973,,0.2733112568594017
19_0nm_03run_1000d.txt,UMAP,2,64,64,0,0,12862,20,1852,0.4438053850602672,,22,156,0.5958094881947518,,0.1557121103791245
19_0nm_03run_1000d.txt,UMAP,2,128,64,0,0,12862,18,1742,0.4563689313433315,,22,156,0.5958094881947518,,0.1557121103791245
19_0nm_03run_1000d.txt,UMAP,2,128,96,0,0,12862,16,1651,0.4304145551221795,,20,506,0.5902053734691115,,0.3532152888009942
19_0nm_03run_1000d.txt,UMAP,2,128,128,0,0,12862,16,2094,0.3907495851418997,,17,900,0.4680671984870193,,0.2671403389993093
19_0nm_03run_1000d.txt,UMAP,2,256,128,0,0,12862,14,2024,0.3889256534803185,,16,1045,0.4671968167445944,,0.2574838755053862
19_0nm_03run_1000d.txt,UMAP,2,256,192,0,0,12862,13,2459,0.3252501955132264,,13,1942,0.3772770540560363,,0.2553857172038494
19_0nm_03run_1000d.txt,UMAP,2,256,256,0,0,12862,11,2605,0.3005648118157694,,10,3006,0.267481894382612,,0.3481318888798254
19_0nm_03run_1000d.txt,UMAP,3,4,2,0,0,12862,1038,3409,0.0474843026117067,,1232,1586,0.0275370603266236,,0.4766262924297946
19_0nm_03run_1000d.txt,UMAP,3,4,3,0,0,12862,512,2865,0.2403405643160014,0.4269708872967112,1053,1864,0.0284394527592295,,0.5014014330221699
19_0nm_03run_1000d.txt,UMAP,3,4,4,0,0,12862,257,2274,0.3665454878143334,,831,2007,0.0339613148938781,,0.4939412908506259
19_0nm_03run_1000d.txt,UMAP,3,8,4,0,0,12862,111,1627,0.4628433389191695,,577,1536,0.0663552997896691,,0.4685103210634245
19_0nm_03run_1000d.txt,UMAP,3,8,6,0,0,12862,44,879,0.5132274013111259,,505,1891,0.0821213695758069,,0.4798886987297877
19_0nm_03run_1000d.txt,UMAP,3,8,8,0,0,12862,39,899,0.5168406062628716,,424,2038,0.1204122712974623,,0.5016568373160952
19_0nm_03run_1000d.txt,UMAP,3,16,8,0,0,12862,36,941,0.5192228767269971,,225,1210,0.3191887586965696,,0.4873948511416226
19_0nm_03run_1000d.txt,UMAP,3,16,12,0,0,12862,27,810,0.5241689366401711,,186,1374,0.3886526233499793,,0.5167691136452705
19_0nm_03run_1000d.txt,UMAP,3,16,16,0,0,12862,26,805,0.5264952111638561,,98,912,0.4605367295682802,,0.6381176658831198
19_0nm_03run_1000d.txt,UMAP,3,32,16,0,0,12862,23,974,0.5190409303541318,,32,74,0.5520889100669375,,0.5767326703083485
19_0nm_03run_1000d.txt,UMAP,3,32,24,0,0,12862,23,1161,0.4962544287150738,,24,58,0.5533519477708285,,0.5354626945701604
19_0nm_03run_1000d.txt,UMAP,3,32,32,0,0,12862,23,1118,0.5243412601150229,0.6488327852829759,22,83,0.53112888018747,,0.6919112226776932
19_0nm_03run_1000d.txt,UMAP,3,64,32,0,0,12862,20,1106,0.527317558201001,0.6409490659428411,20,65,0.5320019719137498,,0.6714237164982308
19_0nm_03run_1000d.txt,UMAP,3,64,48,0,0,12862,22,1755,0.4507488501924141,,16,45,0.5393268637426093,,0.6918377524727343
19_0nm_03run_1000d.txt,UMAP,3,64,64,0,0,12862,20,1852,0.4438053850602672,,13,0,0.4856570095938633,,0.5948612009282558
19_0nm_03run_1000d.txt,UMAP,3,128,64,0,0,12862,18,1742,0.4563689313433315,,13,0,0.4856570095938633,,0.5948612009282558
19_0nm_03run_1000d.txt,UMAP,3,128,96,0,0,12862,16,1651,0.4304145551221795,,12,0,0.4697130934926775,,0.7399607785528126
19_0nm_03run_1000d.txt,UMAP,3,128,128,0,0,12862,16,2094,0.3907495851418997,,14,371,0.5273919276907393,,0.6795163398631296
19_0nm_03run_1000d.txt,UMAP,3,256,128,0,0,12862,14,2024,0.3889256534803185,,12,8,0.4695305844692573,,0.7396596823226049
19_0nm_03run_1000d.txt,UMAP,3,256,192,0,0,12862,13,2459,0.3252501955132264,,13,618,0.5067541111014339,,0.7447136696264813
19_0nm_03run_1000d.txt,UMAP,3,256,256,0,0,12862,11,2605,0.3005648118157694,,13,935,0.4835805449813699,,0.6773779899243999
19_0nm_03run_1000d.txt,TriMap,2,4,2,0,0,12862,1038,3409,0.0474843026117067,,1129,2081,0.0239656831137665,,0.3805569057312085
19_0nm_03run_1000d.txt,TriMap,2,4,3,0,0,12862,512,2865,0.2403405643160014,0.4269708872967112,925,2623,0.0243664040821184,,0.406397909910949
19_0nm_03run_1000d.txt,TriMap,2,4,4,0,0,12862,257,2274,0.3665454878143334,,752,2923,0.0265783445516698,,0.4141678924419006
19_0nm_03run_1000d.txt,TriMap,2,8,4,0,0,12862,111,1627,0.4628433389191695,,450,2046,0.1460676485828396,,0.3850736970626157
19_0nm_03run_1000d.txt,TriMap,2,8,6,0,0,12862,44,879,0.5132274013111259,,440,2615,0.0811687504741807,,0.4225035325456209
19_0nm_03run_1000d.txt,TriMap,2,8,8,0,0,12862,39,899,0.5168406062628716,,297,2317,0.2719545278364283,,0.4327360003179953
19_0nm_03run_1000d.txt,TriMap,2,16,8,0,0,12862,36,941,0.5192228767269971,,124,1318,0.3989330392098363,,0.351353239216375
19_0nm_03run_1000d.txt,TriMap,2,16,12,0,0,12862,27,810,0.5241689366401711,,82,861,0.4573011155759594,,0.301523957929208
19_0nm_03run_1000d.txt,TriMap,2,16,16,0,0,12862,26,805,0.5264952111638561,,75,1224,0.4612879891317393,,0.396869964118933
19_0nm_03run_1000d.txt,TriMap,2,32,16,0,0,12862,23,974,0.5190409303541318,,36,573,0.4896044387436083,,0.2851488169130761
19_0nm_03run_1000d.txt,TriMap,2,32,24,0,0,12862,23,1161,0.4962544287150738,,27,443,0.5111295290949758,,0.3589259977462747
19_0nm_03run_1000d.txt,TriMap,2,32,32,0,0,12862,23,1118,0.5243412601150229,0.6488327852829759,32,703,0.5002925933516555,,0.3254060292501546
19_0nm_03run_1000d.txt,TriMap,2,64,32,0,0,12862,20,1106,0.527317558201001,0.6409490659428411,28,663,0.6531977348449499,,0.1093673570173487
19_0nm_03run_1000d.txt,TriMap,2,64,48,0,0,12862,22,1755,0.4507488501924141,,23,656,0.5061016149621551,,0.2798949243533812
19_0nm_03run_1000d.txt,TriMap,2,64,64,0,0,12862,20,1852,0.4438053850602672,,21,1054,0.4458389982368167,,0.3737517000791688
19_0nm_03run_1000d.txt,TriMap,2,128,64,0,0,12862,18,1742,0.4563689313433315,,22,1226,0.5692106442661513,,0.0999042401705053
19_0nm_03run_1000d.txt,TriMap,2,128,96,0,0,12862,16,1651,0.4304145551221795,,16,831,0.5160043072361555,,-0.1472778715509902
19_0nm_03run_1000d.txt,TriMap,2,128,128,0,0,12862,16,2094,0.3907495851418997,,13,1367,0.4261744368699945,,0.1080965874760024
19_0nm_03run_1000d.txt,TriMap,2,256,128,0,0,12862,14,2024,0.3889256534803185,,14,1404,0.4600987739127699,,0.0863786066775514
19_0nm_03run_1000d.txt,TriMap,2,256,192,0,0,12862,13,2459,0.3252501955132264,,13,2445,0.3510026354079243,,0.32443281495128
19_0nm_03run_1000d.txt,TriMap,2,256,256,0,0,12862,11,2605,0.3005648118157694,,10,2472,0.3390079507148236,,0.3288933005396879
19_0nm_03run_1000d.txt,TriMap,3,4,2,0,0,12862,1038,3409,0.0474843026117067,,1130,2089,0.0249941898711424,,0.3993441797412943
19_0nm_03run_1000d.txt,TriMap,3,4,3,0,0,12862,512,2865,0.2403405643160014,0.4269708872967112,901,2510,0.0301468896776388,,0.4229465196360358
19_0nm_03run_1000d.txt,TriMap,3,4,4,0,0,12862,257,2274,0.3665454878143334,,699,2703,0.0572489804929646,,0.4342685130668057
19_0nm_03run_1000d.txt,TriMap,3,8,4,0,0,12862,111,1627,0.4628433389191695,,453,1881,0.1673985383827238,,0.4103186631290411
19_0nm_03run_1000d.txt,TriMap,3,8,6,0,0,12862,44,879,0.5132274013111259,,372,2088,0.2402097014567812,,0.4242042680075905
19_0nm_03run_1000d.txt,TriMap,3,8,8,0,0,12862,39,899,0.5168406062628716,,266,1931,0.3440398793268236,,0.4981025791475151
19_0nm_03run_1000d.txt,TriMap,3,16,8,0,0,12862,36,941,0.5192228767269971,,117,1182,0.4513146538217245,,0.4948133760010358
19_0nm_03run_1000d.txt,TriMap,3,16,12,0,0,12862,27,810,0.5241689366401711,,92,1016,0.4824466581440595,,0.5425751425459712
19_0nm_03run_1000d.txt,TriMap,3,16,16,0,0,12862,26,805,0.5264952111638561,,56,610,0.5188231960213324,,0.5428336175629399
19_0nm_03run_1000d.txt,TriMap,3,32,16,0,0,12862,23,974,0.5190409303541318,,40,456,0.5687295574325871,,0.4536352534442097
19_0nm_03run_1000d.txt,TriMap,3,32,24,0,0,12862,23,1161,0.4962544287150738,,32,321,0.592541228421405,,0.3861363660749142
19_0nm_03run_1000d.txt,TriMap,3,32,32,0,0,12862,23,1118,0.5243412601150229,0.6488327852829759,36,701,0.5440208603619011,,0.4752120931081515
19_0nm_03run_1000d.txt,TriMap,3,64,32,0,0,12862,20,1106,0.527317558201001,0.6409490659428411,25,433,0.5658038548272976,,0.4132349532998121
19_0nm_03run_1000d.txt,TriMap,3,64,48,0,0,12862,22,1755,0.4507488501924141,,25,537,0.5340843995323654,,0.5436116585931132
19_0nm_03run_1000d.txt,TriMap,3,64,64,0,0,12862,20,1852,0.4438053850602672,,23,603,0.6157501858157928,,0.2249085237286401
19_0nm_03run_1000d.txt,TriMap,3,128,64,0,0,12862,18,1742,0.4563689313433315,,20,536,0.527684735002341,,0.1866003851054904
19_0nm_03run_1000d.txt,TriMap,3,128,96,0,0,12862,16,1651,0.4304145551221795,,17,860,0.5285786625633991,,0.2925346647075512
19_0nm_03run_1000d.txt,TriMap,3,128,128,0,0,12862,16,2094,0.3907495851418997,,18,1513,0.4690781042418889,,0.6040929601879983
19_0nm_03run_1000d.txt,TriMap,3,256,128,0,0,12862,14,2024,0.3889256534803185,,14,1476,0.4682849688402943,,0.5041678401280112
19_0nm_03run_1000d.txt,TriMap,3,256,192,0,0,12862,13,2459,0.3252501955132264,,13,2648,0.3719033054162945,,0.531161659732499
19_0nm_03run_1000d.txt,TriMap,3,256,256,0,0,12862,11,2605,0.3005648118157694,,8,2310,0.3303451287480546,0.3020613425938402,0.4948775036796899
19_0nm_03run_1000d.txt,PaCMAP,2,4,2,10,0,12862,1038,3409,0.0474843026117067,,1197,2068,0.0223100318077939,,0.4087607402705854
19_0nm_03run_1000d.txt,PaCMAP,2,4,3,10,0,12862,512,2865,0.2403405643160014,0.4269708872967112,1020,2593,0.0226103886136758,,0.4265116932439284
19_0nm_03run_1000d.txt,PaCMAP,2,4,4,10,0,12862,257,2274,0.3665454878143334,,783,2684,0.0282726112885778,,0.4371730237248162
19_0nm_03run_1000d.txt,PaCMAP,2,8,4,10,0,12862,111,1627,0.4628433389191695,,519,2127,0.080902450901178,,0.4042741438784594
19_0nm_03run_1000d.txt,PaCMAP,2,8,6,10,0,12862,44,879,0.5132274013111259,,460,2509,0.0741019602869699,,0.4367635121141415
19_0nm_03run_1000d.txt,PaCMAP,2,8,8,10,0,12862,39,899,0.5168406062628716,,374,2666,0.1154551110648995,,0.4536618325177613
19_0nm_03run_1000d.txt,PaCMAP,2,16,8,10,0,12862,36,941,0.5192228767269971,,167,1669,0.2773688449854756,,0.4000891601891436
19_0nm_03run_1000d.txt,PaCMAP,2,16,12,10,0,12862,27,810,0.5241689366401711,,133,1764,0.3240317957621124,,0.3916117135291804
19_0nm_03run_1000d.txt,PaCMAP,2,16,16,10,0,12862,26,805,0.5264952111638561,,115,1871,0.3278496447859519,,0.4184496603007491
19_0nm_03run_1000d.txt,PaCMAP,2,32,16,10,0,12862,23,974,0.5190409303541318,,70,1178,0.4181002796409243,,0.356221841302328
19_0nm_03run_1000d.txt,PaCMAP,2,32,24,10,0,12862,23,1161,0.4962544287150738,,59,1508,0.393357900887004,,0.3909119916829235
19_0nm_03run_1000d.txt,PaCMAP,2,32,32,10,0,12862,23,1118,0.5243412601150229,0.6488327852829759,37,1022,0.4930226578542941,,0.3488557492745435
19_0nm_03run_1000d.txt,PaCMAP,2,64,32,10,0,12862,20,1106,0.527317558201001,0.6409490659428411,28,744,0.5345548093201905,,0.3232087412429021
19_0nm_03run_1000d.txt,PaCMAP,2,64,48,10,0,12862,22,1755,0.4507488501924141,,26,714,0.5387111560569506,,0.363722239021733
19_0nm_03run_1000d.txt,PaCMAP,2,64,64,10,0,12862,20,1852,0.4438053850602672,,24,858,0.5076121607885749,,0.3188567533557837
19_0nm_03run_1000d.txt,PaCMAP,2,128,64,10,0,12862,18,1742,0.4563689313433315,,19,435,0.5179430471645949,,0.2196274848379923
19_0nm_03run_1000d.txt,PaCMAP,2,128,96,10,0,12862,16,1651,0.4304145551221795,,17,1073,0.4631951508407576,,0.4645368027436526
19_0nm_03run_1000d.txt,PaCMAP,2,128,128,10,0,12862,16,2094,0.3907495851418997,,16,1422,0.4840327846382881,,0.243000469325126
19_0nm_03run_1000d.txt,PaCMAP,2,256,128,10,0,12862,14,2024,0.3889256534803185,,15,1645,0.478195432020124,,0.2277616756452749
19_0nm_03run_1000d.txt,PaCMAP,2,256,192,10,0,12862,13,2459,0.3252501955132264,,12,2298,0.3997931388668936,,0.1050484515860177
19_0nm_03run_1000d.txt,PaCMAP,2,256,256,10,0,12862,11,2605,0.3005648118157694,,4,390,0.0637235502475108,-0.1247253316056312,0.015950392549542
19_0nm_03run_1000d.txt,PaCMAP,3,4,2,10,0,12862,1038,3409,0.0474843026117067,,1226,1982,0.0229287497546767,,0.4303277161219384
19_0nm_03run_1000d.txt,PaCMAP,3,4,3,10,0,12862,512,2865,0.2403405643160014,0.4269708872967112,1064,2531,0.0206386395649195,,0.4457176192958688
19_0nm_03run_1000d.txt,PaCMAP,3,4,4,10,0,12862,257,2274,0.3665454878143334,,776,2525,0.0582157250926551,,0.4845016336735215
19_0nm_03run_1000d.txt,PaCMAP,3,8,4,10,0,12862,111,1627,0.4628433389191695,,510,2030,0.0854203080600966,,0.4546384295910173
19_0nm_03run_1000d.txt,PaCMAP,3,8,6,10,0,12862,44,879,0.5132274013111259,,465,2310,0.0829371604119745,,0.4547952526169749
19_0nm_03run_1000d.txt,PaCMAP,3,8,8,10,0,12862,39,899,0.5168406062628716,,405,2815,0.0774061419480484,,0.4811982801347117
19_0nm_03run_1000d.txt,PaCMAP,3,16,8,10,0,12862,36,941,0.5192228767269971,,188,1814,0.2872492556769724,,0.4166002348672302
19_0nm_03run_1000d.txt,PaCMAP,3,16,12,10,0,12862,27,810,0.5241689366401711,,141,1831,0.3047129149928868,,0.5411818996403265
19_0nm_03run_1000d.txt,PaCMAP,3,16,16,10,0,12862,26,805,0.5264952111638561,,73,936,0.4439427529779202,,0.5129759628767112
19_0nm_03run_1000d.txt,PaCMAP,3,32,16,10,0,12862,23,974,0.5190409303541318,,45,590,0.4848197533402765,,0.5215023906194052
19_0nm_03run_1000d.txt,PaCMAP,3,32,24,10,0,12862,23,1161,0.4962544287150738,,30,399,0.5229215728886882,,0.589126672409373
19_0nm_03run_1000d.txt,PaCMAP,3,32,32,10,0,12862,23,1118,0.5243412601150229,0.6488327852829759,24,395,0.5364839149387715,,0.5858271724410496
19_0nm_03run_1000d.txt,PaCMAP,3,64,32,10,0,12862,20,1106,0.527317558201001,0.6409490659428411,21,384,0.5406670564523396,,0.6705346078318405
19_0nm_03run_1000d.txt,PaCMAP,3,64,48,10,0,12862,22,1755,0.4507488501924141,,10,0,0.22380880690981,,0.7591179212993628
19_0nm_03run_1000d.txt,PaCMAP,3,64,64,10,0,12862,20,1852,0.4438053850602672,,11,0,0.2600748053638115,,0.2138691359428065
19_0nm_03run_1000d.txt,PaCMAP,3,128,64,10,0,12862,18,1742,0.4563689313433315,,18,298,0.5595675606439197,,0.628143902652502
19_0nm_03run_1000d.txt,PaCMAP,3,128,96,10,0,12862,16,1651,0.4304145551221795,,18,439,0.5507043407765411,,0.6338475937948522
19_0nm_03run_1000d.txt,PaCMAP,3,128,128,10,0,12862,16,2094,0.3907495851418997,,18,883,0.5331523301590818,,0.7183136336272988
19_0nm_03run_1000d.txt,PaCMAP,3,256,128,10,0,12862,14,2024,0.3889256534803185,,15,852,0.5279813840490196,,0.7379295223268284
19_0nm_03run_1000d.txt,PaCMAP,3,256,192,10,0,12862,13,2459,0.3252501955132264,,15,1176,0.510696992931048,,0.7247748880881717
19_0nm_03run_1000d.txt,PaCMAP,3,256,256,10,0,12862,11,2605,0.3005648118157694,,15,1697,0.4684880560230189,,0.7245104776532696
05_0nm_04run_10d.txt,tSNE,2,8,8,0,0,6542,27,589,0.706962813552329,0.4275354276288523,64,389,0.6478525474454108,0.0597488297839666,0.5186373725253908
05_0nm_04run_10d.txt,tSNE,2,16,8,0,0,6542,23,593,0.7141016989882035,0.411113422117685,45,223,0.6933419293040842,0.0020266602469492,0.5013849599813163
05_0nm_04run_10d.txt,tSNE,2,16,12,0,0,6542,25,689,0.6894838023174358,0.3933718257331693,30,122,0.8207463762158163,0.008154490455177,0.5099669946600524
05_0nm_04run_10d.txt,tSNE,2,16,16,0,0,6542,28,998,0.6002847320253305,0.5108088637065629,27,118,0.8212438794288776,-0.0082203058836119,0.4922623179819189
05_0nm_04run_10d.txt,tSNE,2,32,16,0,0,6542,23,850,0.6254491391936517,0.5139705858642503,25,126,0.8211758201611835,-0.0028447112924425,0.4916101296000547
05_0nm_04run_10d.txt,tSNE,2,32,24,0,0,6542,20,683,0.6640268167666412,0.3415635778581964,11,0,0.723336692943785,-0.0502057397817106,0.4978726363737402
05_0nm_04run_10d.txt,tSNE,2,32,32,0,0,6542,19,974,0.6230921911447123,0.5244210923948246,11,0,0.723336692943785,-0.0502057397817106,0.4978726363737402
05_0nm_04run_10d.txt,tSNE,2,64,32,0,0,6542,15,690,0.6922666892086581,0.4788647775739736,11,0,0.723336692943785,-0.0502057397817106,0.4978726363737402
05_0nm_04run_10d.txt,tSNE,2,64,48,0,0,6542,15,763,0.6410670633938718,0.4443250413080675,11,2,0.7231982091540763,-0.0499518427985103,0.4979408524838834
05_0nm_04run_10d.txt,tSNE,2,64,64,0,0,6542,15,990,0.5997535819972473,0.3938273315674978,11,46,0.7206421686868654,0.0074254383370845,0.4983855504981846
05_0nm_04run_10d.txt,tSNE,2,128,64,0,0,6542,14,867,0.6347987562552563,0.410927540609642,11,46,0.7206421686868654,0.0074254383370845,0.4983855504981846
05_0nm_04run_10d.txt,tSNE,2,128,96,0,0,6542,13,896,0.6202693295230651,0.6129885459888283,11,337,0.6987098878229009,0.3127567871276805,0.5075210729167882
05_0nm_04run_10d.txt,tSNE,2,128,128,0,0,6542,13,1159,0.5517445227421083,0.5843345228864634,8,434,0.3995746750388069,-0.0347999719623479,0.4110290680016909
05_0nm_04run_10d.txt,tSNE,2,256,128,0,0,6542,11,1050,0.5533248834835726,0.5904423936706696,8,434,0.3995746750388069,-0.0347999719623479,0.4110290680016909
05_0nm_04run_10d.txt,tSNE,2,256,192,0,0,6542,8,1437,0.4193588817059004,0.4238104667931496,5,433,0.1832287742967112,-0.1801332781234346,0.1948920409699641
05_0nm_04run_10d.txt,tSNE,2,256,256,0,0,6542,6,1667,0.3106734668305332,0.4262755900746655,2,8,0.0297579980068069,-0.3924910965281983,0.1887357328784574
05_0nm_04run_10d.txt,tSNE,3,4,2,0,0,6542,425,1363,0.2832215440336532,0.3395660063263195,638,942,0.028670993684053,0.2450572769653362,0.3759720780582445
05_0nm_04run_10d.txt,tSNE,3,4,3,0,0,6542,269,1478,0.3752278296074021,0.369567068681877,377,915,0.4300440635555947,0.3411866948739436,0.4641680721937763
05_0nm_04run_10d.txt,tSNE,3,4,4,0,0,6542,172,1440,0.3859941362424687,0.3334658852941686,207,751,0.5839945482943267,0.2528855415785169,0.4906524947426347
05_0nm_04run_10d.txt,tSNE,3,8,4,0,0,6542,76,1050,0.5517352396714623,0.286885139853777,129,552,0.6105182067605345,0.204434135202663,0.4553217906416655
05_0nm_04run_10d.txt,tSNE,3,8,6,0,0,6542,63,1161,0.5868645318941003,0.4247200130092384,55,310,0.6718632459030821,0.1637166612045912,0.4749687483315848
05_0nm_04run_10d.txt,tSNE,3,8,8,0,0,6542,27,589,0.706962813552329,0.4275354276288523,9,6,0.6623546410589537,-0.0533179820901907,0.3063182648855591
05_0nm_04run_10d.txt,tSNE,3,16,8,0,0,6542,23,593,0.7141016989882035,0.411113422117685,9,6,0.6623546410589537,-0.0533179820901907,0.3063182648855591
05_0nm_04run_10d.txt,tSNE,3,16,12,0,0,6542,25,689,0.6894838023174358,0.3933718257331693,8,0,0.5583563563558932,0.1715309744191984,0.4656193805224108
05_0nm_04run_10d.txt,tSNE,3,16,16,0,0,6542,28,998,0.6002847320253305,0.5108088637065629,8,0,0.5583563563558932,0.1715309744191984,0.4656193805224108
05_0nm_04run_10d.txt,tSNE,3,32,16,0,0,6542,23,850,0.6254491391936517,0.5139705858642503,8,0,0.5583563563558932,0.1715309744191984,0.4656193805224108
05_0nm_04run_10d.txt,tSNE,3,32,24,0,0,6542,20,683,0.6640268167666412,0.3415635778581964,10,26,0.5542203376005723,0.2172628051470072,0.4333422426992653
05_0nm_04run_10d.txt,tSNE,3,32,32,0,0,6542,19,974,0.6230921911447123,0.5244210923948246,8,0,0.5583563563558932,0.1715309744191984,0.4656193805224108
05_0nm_04run_10d.txt,tSNE,3,64,32,0,0,6542,15,690,0.6922666892086581,0.4788647775739736,8,0,0.5583563563558932,0.1715309744191984,0.4656193805224108
05_0nm_04run_10d.txt,tSNE,3,64,48,0,0,6542,15,763,0.6410670633938718,0.4443250413080675,8,1,0.5583177306441506,0.1715299291998937,0.4655743219426116
05_0nm_04run_10d.txt,tSNE,3,64,64,0,0,6542,15,990,0.5997535819972473,0.3938273315674978,10,94,0.5725341740124064,0.0960403943959175,0.1397638167818237
05_0nm_04run_10d.txt,tSNE,3,128,64,0,0,6542,14,867,0.6347987562552563,0.410927540609642,10,94,0.5725341740124064,0.0960403943959175,0.1397638167818237
05_0nm_04run_10d.txt,tSNE,3,128,96,0,0,6542,13,896,0.6202693295230651,0.6129885459888283,10,782,0.5812422811578536,0.1636296086546649,0.4213931978489016
05_0nm_04run_10d.txt,tSNE,3,128,128,0,0,6542,13,1159,0.5517445227421083,0.5843345228864634,10,2141,0.3312169310816257,0.3832702106529888,0.3820506274114733
05_0nm_04run_10d.txt,tSNE,3,256,128,0,0,6542,11,1050,0.5533248834835726,0.5904423936706696,7,2136,0.3042301350093612,0.1189360156407086,0.2461496240436992
05_0nm_04run_10d.txt,tSNE,3,256,192,0,0,6542,8,1437,0.4193588817059004,0.4238104667931496,3,3662,0.1028395531974206,-0.2500809534096787,0.0633091839379026
05_0nm_04run_10d.txt,tSNE,3,256,256,0,0,6542,6,1667,0.3106734668305332,0.4262755900746655,3,5245,0.0246744514155917,-0.0796380211933471,0.0509649044058312
05_0nm_04run_10d.txt,UMAP,2,4,2,0,0,6542,425,1363,0.2832215440336532,0.3395660063263195,631,705,0.0323421825817164,0.0775357246100459,0.4681784037791165
05_0nm_04run_10d.txt,UMAP,2,4,3,0,0,6542,269,1478,0.3752278296074021,0.369567068681877,541,904,0.0348278602406434,0.0929205242216576,0.4960294521937912
05_0nm_04run_10d.txt,UMAP,2,4,4,0,0,6542,172,1440,0.3859941362424687,0.3334658852941686,434,961,0.0400348206548778,0.0731244840290501,0.5048176783914076
05_0nm_04run_10d.txt,UMAP,2,8,4,0,0,6542,76,1050,0.5517352396714623,0.286885139853777,317,778,0.0584754488387242,-0.0172661635764912,0.4632847917920271
05_0nm_04run_10d.txt,UMAP,2,8,6,0,0,6542,63,1161,0.5868645318941003,0.4247200130092384,261,842,0.2040396472068752,0.0718508223998073,0.534202895865125
05_0nm_04run_10d.txt,UMAP,2,8,8,0,0,6542,27,589,0.706962813552329,0.4275354276288523,243,1019,0.1945735479512917,0.0850643620801753,0.5272634609253202
05_0nm_04run_10d.txt,UMAP,2,16,8,0,0,6542,23,593,0.7141016989882035,0.411113422117685,99,356,0.509688666005581,0.0384709219464052,0.5535323520851855
05_0nm_04run_10d.txt,UMAP,2,16,12,0,0,6542,25,689,0.6894838023174358,0.3933718257331693,72,431,0.6024769839312785,0.0044106190137025,0.5886033302078673
05_0nm_04run_10d.txt,UMAP,2,16,16,0,0,6542,28,998,0.6002847320253305,0.5108088637065629,33,165,0.6773772836521275,-0.09569684972707,0.618009339550926
05_0nm_04run_10d.txt,UMAP,2,32,16,0,0,6542,23,850,0.6254491391936517,0.5139705858642503,14,2,0.6777935101018696,-0.2374683915482691,0.5500338711256211
05_0nm_04run_10d.txt,UMAP,2,32,24,0,0,6542,20,683,0.6640268167666412,0.3415635778581964,12,0,0.6988947011035349,-0.2464809229006244,0.5952728233325616
05_0nm_04run_10d.txt,UMAP,2,32,32,0,0,6542,19,974,0.6230921911447123,0.5244210923948246,12,15,0.6965263093822677,-0.2000376817797709,0.6046066517418828
05_0nm_04run_10d.txt,UMAP,2,64,32,0,0,6542,15,690,0.6922666892086581,0.4788647775739736,10,38,0.7044058733093651,-0.2216992678940169,0.6098738651858776
05_0nm_04run_10d.txt,UMAP,2,64,48,0,0,6542,15,763,0.6410670633938718,0.4443250413080675,12,66,0.7572138661847772,-0.1195299844411383,0.585954213180878
05_0nm_04run_10d.txt,UMAP,2,64,64,0,0,6542,15,990,0.5997535819972473,0.3938273315674978,11,38,0.6778824148047302,-0.3284520468793234,0.513479428380209
05_0nm_04run_10d.txt,UMAP,2,128,64,0,0,6542,14,867,0.6347987562552563,0.410927540609642,11,38,0.6778824148047302,-0.3284520468793234,0.513479428380209
05_0nm_04run_10d.txt,UMAP,2,128,96,0,0,6542,13,896,0.6202693295230651,0.6129885459888283,10,84,0.6967782695004558,-0.1177508338305333,0.6597392340944299
05_0nm_04run_10d.txt,UMAP,2,128,128,0,0,6542,13,1159,0.5517445227421083,0.5843345228864634,11,222,0.6977533418481201,0.1481372189602966,0.6358743043001408
05_0nm_04run_10d.txt,UMAP,2,256,128,0,0,6542,11,1050,0.5533248834835726,0.5904423936706696,10,144,0.6623504871465645,0.1553721552159432,0.62737288228591
05_0nm_04run_10d.txt,UMAP,2,256,192,0,0,6542,8,1437,0.4193588817059004,0.4238104667931496,9,757,0.635814883536293,0.2658734998274608,0.6652027385954623
05_0nm_04run_10d.txt,UMAP,2,256,256,0,0,6542,6,1667,0.3106734668305332,0.4262755900746655,8,814,0.483619785973589,0.1800859360452241,0.5709479236448811
05_0nm_04run_10d.txt,UMAP,3,4,2,0,0,6542,425,1363,0.2832215440336532,0.3395660063263195,624,781,0.0328673402027358,0.0873210908971888,0.474017968854921
05_0nm_04run_10d.txt,UMAP,3,4,3,0,0,6542,269,1478,0.3752278296074021,0.369567068681877,531,954,0.0344292691746314,0.0800345861183599,0.4967658499450506
05_0nm_04run_10d.txt,UMAP,3,4,4,0,0,6542,172,1440,0.3859941362424687,0.3334658852941686,430,1026,0.0393442334138846,0.0701745499021968,0.4995161826304729
05_0nm_04run_10d.txt,UMAP,3,8,4,0,0,6542,76,1050,0.5517352396714623,0.286885139853777,309,764,0.0625974302537247,0.0040685102522398,0.4765869792243217
05_0nm_04run_10d.txt,UMAP,3,8,6,0,0,6542,63,1161,0.5868645318941003,0.4247200130092384,261,877,0.2024186689008724,0.0969479496587487,0.561347381379167
05_0nm_04run_10d.txt,UMAP,3,8,8,0,0,6542,27,589,0.706962813552329,0.4275354276288523,230,1032,0.1960927842928694,0.0927146679544473,0.5479343031423703
05_0nm_04run_10d.txt,UMAP,3,16,8,0,0,6542,23,593,0.7141016989882035,0.411113422117685,114,525,0.4973335626703112,0.039460309789388,0.5983568114757954
05_0nm_04run_10d.txt,UMAP,3,16,12,0,0,6542,25,689,0.6894838023174358,0.3933718257331693,75,520,0.62906031180484,0.0211094958241837,0.639860529559695
05_0nm_04run_10d.txt,UMAP,3,16,16,0,0,6542,28,998,0.6002847320253305,0.5108088637065629,29,134,0.6989679704174494,-0.1109247010385271,0.836195424055992
05_0nm_04run_10d.txt,UMAP,3,32,16,0,0,6542,23,850,0.6254491391936517,0.5139705858642503,20,100,0.7009706080164696,-0.0653677609072073,0.8300883037948249
05_0nm_04run_10d.txt,UMAP,3,32,24,0,0,6542,20,683,0.6640268167666412,0.3415635778581964,11,0,0.6965456427303155,-0.2492459259682012,0.8418993748631305
05_0nm_04run_10d.txt,UMAP,3,32,32,0,0,6542,19,974,0.6230921911447123,0.5244210923948246,11,0,0.6965456427303155,-0.2492459259682012,0.8418993748631304
05_0nm_04run_10d.txt,UMAP,3,64,32,0,0,6542,15,690,0.6922666892086581,0.4788647775739736,11,0,0.6965456427303155,-0.2492459259682012,0.8418993748631304
05_0nm_04run_10d.txt,UMAP,3,64,48,0,0,6542,15,763,0.6410670633938718,0.4443250413080675,11,0,0.6965456427303155,-0.2492459259682012,0.8418993748631304
05_0nm_04run_10d.txt,UMAP,3,64,64,0,0,6542,15,990,0.5997535819972473,0.3938273315674978,11,0,0.6965456427303155,-0.2492459259682012,0.8418993748631304
05_0nm_04run_10d.txt,UMAP,3,128,64,0,0,6542,14,867,0.6347987562552563,0.410927540609642,10,0,0.7064615065673466,-0.2429518925870231,0.8087179139038467
05_0nm_04run_10d.txt,UMAP,3,128,96,0,0,6542,13,896,0.6202693295230651,0.6129885459888283,10,0,0.7064615065673466,-0.242951892587023,0.8087179139038467
05_0nm_04run_10d.txt,UMAP,3,128,128,0,0,6542,13,1159,0.5517445227421083,0.5843345228864634,10,33,0.7007349028398346,-0.1376475337683237,0.8216422492628552
05_0nm_04run_10d.txt,UMAP,3,256,128,0,0,6542,11,1050,0.5533248834835726,0.5904423936706696,10,33,0.7007349028398346,-0.1376475337683237,0.8216422492628552
05_0nm_04run_10d.txt,UMAP,3,256,192,0,0,6542,8,1437,0.4193588817059004,0.4238104667931496,9,49,0.6546882353016911,0.0912256886148277,0.7873589075045293
05_0nm_04run_10d.txt,UMAP,3,256,256,0,0,6542,6,1667,0.3106734668305332,0.4262755900746655,9,190,0.6592514680625086,0.1358597793214654,0.8030085514467384
05_0nm_04run_10d.txt,TriMap,2,4,2,0,0,6542,425,1363,0.2832215440336532,0.3395660063263195,586,1025,0.0310783845487002,0.0065791677283181,0.4177256828722654
05_0nm_04run_10d.txt,TriMap,2,4,3,0,0,6542,269,1478,0.3752278296074021,0.369567068681877,488,1248,0.0316685117494773,0.0256811041621757,0.4323540948642133
05_0nm_04run_10d.txt,TriMap,2,4,4,0,0,6542,172,1440,0.3859941362424687,0.3334658852941686,380,1256,0.0488151763531662,0.0411584966961332,0.4436151336678862
05_0nm_04run_10d.txt,TriMap,2,8,4,0,0,6542,76,1050,0.5517352396714623,0.286885139853777,266,1122,0.0839453361120502,0.0074088862154804,0.4064336847795203
05_0nm_04run_10d.txt,TriMap,2,8,6,0,0,6542,63,1161,0.5868645318941003,0.4247200130092384,220,1147,0.2019468140914839,0.1082603408371874,0.4395267571929476
05_0nm_04run_10d.txt,TriMap,2,8,8,0,0,6542,27,589,0.706962813552329,0.4275354276288523,174,1096,0.2657582873419234,0.0451181937035836,0.475288458305178
05_0nm_04run_10d.txt,TriMap,2,16,8,0,0,6542,23,593,0.7141016989882035,0.411113422117685,91,849,0.4482170717118946,0.0356962411283757,0.3971351901564274
05_0nm_04run_10d.txt,TriMap,2,16,12,0,0,6542,25,689,0.6894838023174358,0.3933718257331693,55,498,0.6516642621841154,0.0896123889404586,0.4176942554579311
05_0nm_04run_10d.txt,TriMap,2,16,16,0,0,6542,28,998,0.6002847320253305,0.5108088637065629,51,788,0.6112061569141453,0.3248189085162505,0.4757164723870001
05_0nm_04run_10d.txt,TriMap,2,32,16,0,0,6542,23,850,0.6254491391936517,0.5139705858642503,23,274,0.6921738998155295,0.1763717618232827,0.3043865083940608
05_0nm_04run_10d.txt,TriMap,2,32,24,0,0,6542,20,683,0.6640268167666412,0.3415635778581964,25,467,0.6988904518067472,0.2115637856618102,0.3853681556155721
05_0nm_04run_10d.txt,TriMap,2,32,32,0,0,6542,19,974,0.6230921911447123,0.5244210923948246,26,800,0.6294399429969528,0.1558771822454464,0.3528659647339207
05_0nm_04run_10d.txt,TriMap,2,64,32,0,0,6542,15,690,0.6922666892086581,0.4788647775739736,17,382,0.5421430686748905,0.0223048190795714,0.429610429272421
05_0nm_04run_10d.txt,TriMap,2,64,48,0,0,6542,15,763,0.6410670633938718,0.4443250413080675,18,769,0.6501922503105443,0.3199634382933525,0.4347406531567481
05_0nm_04run_10d.txt,TriMap,2,64,64,0,0,6542,15,990,0.5997535819972473,0.3938273315674978,13,553,0.5633961660713105,0.2486453333854741,0.4517339351342677
05_0nm_04run_10d.txt,TriMap,2,128,64,0,0,6542,14,867,0.6347987562552563,0.410927540609642,7,263,0.3526058499769741,-0.18079089144418,0.4386432795053078
05_0nm_04run_10d.txt,TriMap,2,128,96,0,0,6542,13,896,0.6202693295230651,0.6129885459888283,13,763,0.509377263646861,0.2001207740830937,0.4824463972997441
05_0nm_04run_10d.txt,TriMap,2,128,128,0,0,6542,13,1159,0.5517445227421083,0.5843345228864634,7,581,0.3371663137749414,0.0926127605536637,0.4691607946697367
05_0nm_04run_10d.txt,TriMap,2,256,128,0,0,6542,11,1050,0.5533248834835726,0.5904423936706696,6,324,0.3593011596528556,0.1189030088480177,0.4651203495848658
05_0nm_04run_10d.txt,TriMap,2,256,192,0,0,6542,8,1437,0.4193588817059004,0.4238104667931496,6,802,0.3197672747250464,0.1265341325070059,0.3609925220738698
05_0nm_04run_10d.txt,TriMap,2,256,256,0,0,6542,6,1667,0.3106734668305332,0.4262755900746655,4,947,0.2322470747359006,0.3619413575861702,0.3724467875711082
05_0nm_04run_10d.txt,TriMap,3,4,2,0,0,6542,425,1363,0.2832215440336532,0.3395660063263195,567,1109,0.029669481574282,0.0622128545825869,0.418667152476755
05_0nm_04run_10d.txt,TriMap,3,4,3,0,0,6542,269,1478,0.3752278296074021,0.369567068681877,482,1216,0.0361897687301846,0.0907221140178834,0.4559257091473799
05_0nm_04run_10d.txt,TriMap,3,4,4,0,0,6542,172,1440,0.3859941362424687,0.3334658852941686,377,1314,0.0456218671994189,0.0963849093166914,0.4426734239545978
05_0nm_04run_10d.txt,TriMap,3,8,4,0,0,6542,76,1050,0.5517352396714623,0.286885139853777,246,968,0.2402185585805809,0.0916932469589745,0.4373558038488942
05_0nm_04run_10d.txt,TriMap,3,8,6,0,0,6542,63,1161,0.5868645318941003,0.4247200130092384,182,878,0.4064635451314405,0.1837156245015796,0.5411304126333252
05_0nm_04run_10d.txt,TriMap,3,8,8,0,0,6542,27,589,0.706962813552329,0.4275354276288523,137,704,0.5408133142300433,0.1815453173027074,0.5853701357654635
05_0nm_04run_10d.txt,TriMap,3,16,8,0,0,6542,23,593,0.7141016989882035,0.411113422117685,85,637,0.5614621601352725,0.1775991111868054,0.5570592550446279
05_0nm_04run_10d.txt,TriMap,3,16,12,0,0,6542,25,689,0.6894838023174358,0.3933718257331693,43,319,0.6569837990620889,0.1655814132189538,0.5829156402659748
05_0nm_04run_10d.txt,TriMap,3,16,16,0,0,6542,28,998,0.6002847320253305,0.5108088637065629,37,503,0.6757474372596777,0.2402594648531483,0.5352033939942611
05_0nm_04run_10d.txt,TriMap,3,32,16,0,0,6542,23,850,0.6254491391936517,0.5139705858642503,21,196,0.7057092764217685,0.141806192473494,0.5705314614271583
05_0nm_04run_10d.txt,TriMap,3,32,24,0,0,6542,20,683,0.6640268167666412,0.3415635778581964,22,375,0.6422278265565116,0.1801892034801034,0.5402456328382917
05_0nm_04run_10d.txt,TriMap,3,32,32,0,0,6542,19,974,0.6230921911447123,0.5244210923948246,14,137,0.6885139713275823,0.3131063995858247,0.4980783722128896
05_0nm_04run_10d.txt,TriMap,3,64,32,0,0,6542,15,690,0.6922666892086581,0.4788647775739736,16,272,0.6731194333039924,0.1484491294529666,0.4542431531146815
05_0nm_04run_10d.txt,TriMap,3,64,48,0,0,6542,15,763,0.6410670633938718,0.4443250413080675,15,324,0.644848877434508,0.2104413224311912,0.5399839229457054
05_0nm_04run_10d.txt,TriMap,3,64,64,0,0,6542,15,990,0.5997535819972473,0.3938273315674978,11,455,0.4414050599963045,0.2571941972920487,0.4623466983907551
05_0nm_04run_10d.txt,TriMap,3,128,64,0,0,6542,14,867,0.6347987562552563,0.410927540609642,13,454,0.6616726734987264,0.2604210206496882,0.5444666895302654
05_0nm_04run_10d.txt,TriMap,3,128,96,0,0,6542,13,896,0.6202693295230651,0.6129885459888283,5,242,0.2929902335132295,0.1863823262276842,0.6187816129184389
05_0nm_04run_10d.txt,TriMap,3,128,128,0,0,6542,13,1159,0.5517445227421083,0.5843345228864634,6,365,0.2817715151650912,0.2816897880754945,0.597509134126107
05_0nm_04run_10d.txt,TriMap,3,256,128,0,0,6542,11,1050,0.5533248834835726,0.5904423936706696,6,405,0.3446127943047192,-0.1026037634060738,0.123612429507647
05_0nm_04run_10d.txt,TriMap,3,256,192,0,0,6542,8,1437,0.4193588817059004,0.4238104667931496,5,485,0.2816376604691861,0.2045906030239212,0.4923966769005019
05_0nm_04run_10d.txt,TriMap,3,256,256,0,0,6542,6,1667,0.3106734668305332,0.4262755900746655,5,672,0.2784524419409986,0.2501766588096666,0.4868895121066219
05_0nm_04run_10d.txt,PaCMAP,2,4,2,10,0,6542,425,1363,0.2832215440336532,0.3395660063263195,597,996,0.0335315334388079,0.0283595395266393,0.4061031133884116
05_0nm_04run_10d.txt,PaCMAP,2,4,3,10,0,6542,269,1478,0.3752278296074021,0.369567068681877,503,1256,0.0296585378095818,0.065639445408135,0.4396886166338259
05_0nm_04run_10d.txt,PaCMAP,2,4,4,10,0,6542,172,1440,0.3859941362424687,0.3334658852941686,361,1153,0.176833488055841,0.1145865114234402,0.4818073655685955
05_0nm_04run_10d.txt,PaCMAP,2,8,4,10,0,6542,76,1050,0.5517352396714623,0.286885139853777,258,939,0.2078632071636369,0.0789304483059249,0.4640857365340441
05_0nm_04run_10d.txt,PaCMAP,2,8,6,10,0,6542,63,1161,0.5868645318941003,0.4247200130092384,234,1095,0.2004106278534683,0.1111516631564173,0.491238615272126
05_0nm_04run_10d.txt,PaCMAP,2,8,8,10,0,6542,27,589,0.706962813552329,0.4275354276288523,155,745,0.4538288776111993,0.1130665697335568,0.5810363717495293
05_0nm_04run_10d.txt,PaCMAP,2,16,8,10,0,6542,23,593,0.7141016989882035,0.411113422117685,78,502,0.6304452863263541,0.1201396032986213,0.569663798304779
05_0nm_04run_10d.txt,PaCMAP,2,16,12,10,0,6542,25,689,0.6894838023174358,0.3933718257331693,44,385,0.6359700538533477,-0.0428429338893765,0.6225444835856807
05_0nm_04run_10d.txt,PaCMAP,2,16,16,10,0,6542,28,998,0.6002847320253305,0.5108088637065629,41,413,0.6356541970209564,-0.0384310977070944,0.6153969670898158
05_0nm_04run_10d.txt,PaCMAP,2,32,16,10,0,6542,23,850,0.6254491391936517,0.5139705858642503,22,276,0.6959017072839004,-0.066585637823259,0.6320729637225991
05_0nm_04run_10d.txt,PaCMAP,2,32,24,10,0,6542,20,683,0.6640268167666412,0.3415635778581964,11,0,0.6836045255143349,-0.1646304151666767,0.6630271996082636
05_0nm_04run_10d.txt,PaCMAP,2,32,32,10,0,6542,19,974,0.6230921911447123,0.5244210923948246,11,0,0.6836045255143349,-0.1646304151666767,0.6630271996082636
05_0nm_04run_10d.txt,PaCMAP,2,64,32,10,0,6542,15,690,0.6922666892086581,0.4788647775739736,10,0,0.6811621267076491,-0.1782275151066494,0.6378203076229898
05_0nm_04run_10d.txt,PaCMAP,2,64,48,10,0,6542,15,763,0.6410670633938718,0.4443250413080675,10,0,0.6811621267076491,-0.1782275151066494,0.6378203076229898
05_0nm_04run_10d.txt,PaCMAP,2,64,64,10,0,6542,15,990,0.5997535819972473,0.3938273315674978,11,28,0.7158246234134241,-0.2089574354712254,0.4622533408228668
05_0nm_04run_10d.txt,PaCMAP,2,128,64,10,0,6542,14,867,0.6347987562552563,0.410927540609642,11,28,0.7158246234134241,-0.2089574354712254,0.4622533408228668
05_0nm_04run_10d.txt,PaCMAP,2,128,96,10,0,6542,13,896,0.6202693295230651,0.6129885459888283,10,51,0.6798213943437903,-0.1732666748480473,0.6350344527458127
05_0nm_04run_10d.txt,PaCMAP,2,128,128,10,0,6542,13,1159,0.5517445227421083,0.5843345228864634,10,134,0.6667512026166547,-0.0349650142520791,0.6265556542394064
05_0nm_04run_10d.txt,PaCMAP,2,256,128,10,0,6542,11,1050,0.5533248834835726,0.5904423936706696,9,134,0.642139009173085,-0.1611757429475896,0.5556620567163076
05_0nm_04run_10d.txt,PaCMAP,2,256,192,10,0,6542,8,1437,0.4193588817059004,0.4238104667931496,9,680,0.5801564149368447,-0.0216990138803526,0.5190856749468302
05_0nm_04run_10d.txt,PaCMAP,2,256,256,10,0,6542,6,1667,0.3106734668305332,0.4262755900746655,8,1839,0.4240182690199441,0.4127287806273231,0.5041678650613588
05_0nm_04run_10d.txt,PaCMAP,3,4,2,10,0,6542,425,1363,0.2832215440336532,0.3395660063263195,596,964,0.0335216639824824,0.0348242270577565,0.4370779834346904
05_0nm_04run_10d.txt,PaCMAP,3,4,3,10,0,6542,269,1478,0.3752278296074021,0.369567068681877,500,1203,0.0317347585155399,0.0725823989169497,0.4505665243816163
05_0nm_04run_10d.txt,PaCMAP,3,4,4,10,0,6542,172,1440,0.3859941362424687,0.3334658852941686,365,1165,0.178345738559069,0.1200030751622881,0.4851305037998814
05_0nm_04run_10d.txt,PaCMAP,3,8,4,10,0,6542,76,1050,0.5517352396714623,0.286885139853777,263,979,0.2049847881312523,0.0765529589944645,0.4775747531418005
05_0nm_04run_10d.txt,PaCMAP,3,8,6,10,0,6542,63,1161,0.5868645318941003,0.4247200130092384,219,1079,0.2876985665160697,0.1390591222286172,0.550698397715574
05_0nm_04run_10d.txt,PaCMAP,3,8,8,10,0,6542,27,589,0.706962813552329,0.4275354276288523,146,747,0.5300241741868698,0.1803431587644204,0.681342160897002
05_0nm_04run_10d.txt,PaCMAP,3,16,8,10,0,6542,23,593,0.7141016989882035,0.411113422117685,67,427,0.6556845720331685,0.0810023478822818,0.6571121656525608
05_0nm_04run_10d.txt,PaCMAP,3,16,12,10,0,6542,25,689,0.6894838023174358,0.3933718257331693,42,347,0.6366384382390314,-0.0312280461844343,0.7570467791906711
05_0nm_04run_10d.txt,PaCMAP,3,16,16,10,0,6542,28,998,0.6002847320253305,0.5108088637065629,38,385,0.6374163729309905,-0.0283583120541838,0.7506870408092077
05_0nm_04run_10d.txt,PaCMAP,3,32,16,10,0,6542,23,850,0.6254491391936517,0.5139705858642503,9,0,0.6623513686504688,-0.0528115066903921,0.8514575557834566
05_0nm_04run_10d.txt,PaCMAP,3,32,24,10,0,6542,20,683,0.6640268167666412,0.3415635778581964,9,0,0.6623513686504688,-0.0528115066903921,0.8514575557834566
05_0nm_04run_10d.txt,PaCMAP,3,32,32,10,0,6542,19,974,0.6230921911447123,0.5244210923948246,10,0,0.6754976961364857,0.0343535608891562,0.6141248165958623
05_0nm_04run_10d.txt,PaCMAP,3,64,32,10,0,6542,15,690,0.6922666892086581,0.4788647775739736,10,0,0.6754976961364857,0.0343535608891562,0.6141248165958623
05_0nm_04run_10d.txt,PaCMAP,3,64,48,10,0,6542,15,763,0.6410670633938718,0.4443250413080675,9,0,0.6623513686504688,-0.0528115066903921,0.8514575557834566
05_0nm_04run_10d.txt,PaCMAP,3,64,64,10,0,6542,15,990,0.5997535819972473,0.3938273315674978,9,0,0.6623513686504688,-0.0528115066903921,0.8514575557834566
05_0nm_04run_10d.txt,PaCMAP,3,128,64,10,0,6542,14,867,0.6347987562552563,0.410927540609642,9,0,0.6623513686504688,-0.0528115066903921,0.8514575557834566
05_0nm_04run_10d.txt,PaCMAP,3,128,96,10,0,6542,13,896,0.6202693295230651,0.6129885459888283,9,0,0.6623513686504688,-0.0528115066903921,0.8514575557834568
05_0nm_04run_10d.txt,PaCMAP,3,128,128,10,0,6542,13,1159,0.5517445227421083,0.5843345228864634,9,0,0.6623513686504688,-0.0528115066903921,0.8514575557834566
05_0nm_04run_10d.txt,PaCMAP,3,256,128,10,0,6542,11,1050,0.5533248834835726,0.5904423936706696,9,0,0.6623513686504688,-0.0528115066903921,0.8514575557834566
05_0nm_04run_10d.txt,PaCMAP,3,256,192,10,0,6542,8,1437,0.4193588817059004,0.4238104667931496,9,92,0.6527390482201937,-0.0537139239097336,0.8396115602291551
05_0nm_04run_10d.txt,PaCMAP,3,256,256,10,0,6542,6,1667,0.3106734668305332,0.4262755900746655,9,332,0.6417636700503616,0.056279118446731,0.8135755032940729
