-13.912022 -42.789635
-14.881870 -43.114185
-16.260281 -43.188652
-15.534014 -43.314808
-10.238646 -41.122517
-13.384537 -42.424946
-15.883371 -43.261143
-9.518851 -40.881210
-16.989855 -42.920113
-12.056581 -41.872169
-11.169361 -41.526596
-16.895454 -43.018734
-18.023474 -42.351402
-11.604971 -41.691204
-10.556239 -41.136475
-6.415307 -39.203526
-10.126953 -41.103241
-15.459225 -42.949474
-15.870636 -43.336983
-18.248230 -42.140934
-8.833827 -40.518860
-17.592642 -42.689148
-12.516114 -42.017422
-21.805044 -37.444653
-10.812270 -41.351879
-20.475439 -39.188869
-19.904493 -40.268307
-14.268639 -42.873104
-7.498329 -39.728222
-19.497784 -40.526695
-16.669292 -43.080402
-12.208755 -41.888309
-3.439014 -36.877144
-5.239936 -38.454353
-16.908833 -42.609081
-17.603197 -42.629337
-14.126573 -42.520229
-5.324885 -38.566525
-21.887171 -37.208775
-7.220961 -39.684563
-8.787280 -40.532402
-14.264692 -42.264614
-7.573066 -39.796032
-17.264647 -42.104145
-18.716530 -41.456547
-3.260747 -37.001385
-17.505978 -41.798393
-6.891119 -39.434402
-13.545981 -42.269245
-20.099609 -39.777843
-4.891972 -38.193073
-16.771730 -42.535240
-11.245481 -41.469135
-14.769386 -41.787544
-25.349260 -30.863674
-17.760370 -41.343933
-19.842489 -39.795773
-15.752680 -41.967964
-19.977123 -40.002430
-9.864843 -40.619225
-15.252687 -42.885681
-24.318829 -34.014008
-21.468670 -37.744305
-4.473724 -38.034626
-5.181226 -38.270340
-9.286199 -39.322399
-19.650803 -39.585541
-9.665941 -40.921974
-15.703332 -42.633209
-21.363070 -37.703384
-16.412655 -40.304707
-19.217419 -40.854061
-2.952135 -37.242283
-9.421042 -39.838940
-25.088772 -31.865072
-8.946583 -40.033436
-18.592508 -41.588837
-20.690516 -38.849174
-6.531729 -39.313190
0.161274 -33.792603
-18.252459 -41.844898
-24.920309 -32.438129
-9.624614 -40.686386
-8.962236 -39.435722
-1.025309 -34.639339
-3.088260 -37.312832
-24.571590 -32.990036
-23.234797 -34.068779
-23.320156 -34.686043
-1.961129 -33.114338
-20.410082 -39.379650
-7.446939 -39.269112
-21.228510 -38.055470
-6.150765 -38.866657
-22.368196 -36.285137
-19.767641 -39.525055
0.773000 -33.037716
-25.657660 -29.238396
5.326687 -29.228628
-24.201965 -33.249752
12.714621 -27.192917
-21.933088 -35.064892
0.531312 -33.549828
-2.961107 -36.872124
-14.457679 -41.201317
-14.961522 -41.031818
-1.731385 -34.037338
-6.847850 -38.621685
-25.105860 -31.794968
-24.915895 -32.014374
-26.457382 -27.721304
-24.779638 -31.399221
-10.017947 -40.744572
-24.435186 -32.885799
-23.974318 -32.951084
-23.013853 -35.744385
-24.302008 -31.882845
-21.461233 -36.555344
-18.055134 -41.520359
-27.973003 -25.609955
-24.092455 -34.154720
-9.186294 -37.171246
-5.917888 -38.829670
-21.994921 -36.745476
-9.554269 -39.700623
0.762136 -33.241196
-1.505006 -33.463478
25.704992 -47.415539
-7.975789 -39.073261
-27.083839 -26.764835
-25.302977 -30.135643
6.492636 -29.016722
-23.682011 -33.721920
5.496105 -29.466185
-24.816000 -32.387848
-24.180386 -31.655874
-1.639019 -34.972286
-21.016830 -35.813744
-17.193144 -29.398985
-27.255035 -26.223434
-2.143532 -34.176098
-17.449385 -40.429199
4.624864 -29.373295
-16.297110 -39.649609
-21.431969 -34.919151
-18.851942 -38.398567
-24.204601 -30.534830
22.389294 -29.546408
-24.648272 -31.134136
3.342767 -30.817348
12.810905 -27.268215
-26.503317 -27.173340
-26.049746 -28.318384
6.911326 -28.864565
10.610708 -27.605684
-25.327442 -30.590635
-15.797780 -40.113728
-14.612424 -29.393438
-15.263095 -39.879402
3.240986 -31.186573
-24.303335 -33.619324
-2.400729 -36.254726
2.839422 -31.618322
-25.302305 -29.596214
-15.385155 -39.822491
-27.344652 -26.425394
5.212554 -29.757204
-23.447794 -33.582516
-8.579737 -37.653065
4.369063 -30.110355
-8.349683 -37.478050
8.190034 -28.412193
5.589536 -29.565037
0.113204 -34.003273
-25.088907 -30.516514
4.647047 -30.039259
-25.071918 -30.876793
-8.673823 -30.976805
0.795422 -33.377159
14.759706 -27.531242
10.283729 -58.713657
-1.534582 -34.338093
22.386271 -50.769459
13.818109 -56.149273
-22.246311 -34.674610
-2.494276 -32.985466
3.919893 -30.524796
3.145983 -31.272621
8.467001 -28.337229
21.096632 -50.983711
26.692553 -32.113861
-9.245623 -31.902214
10.571306 -27.612263
-28.488672 -24.931467
0.461613 -32.657043
-12.767603 -29.304226
-7.623122 -31.064438
9.269388 -59.111332
-26.905788 -26.778788
-28.475622 -24.802183
-13.869244 -28.691904
16.893486 -53.857666
-28.153231 -24.604801
18.486879 -52.795162
-32.262753 -20.722860
-28.831543 -24.493856
-24.722179 -30.267836
14.586275 -27.327024
-12.188786 -30.285381
9.586123 -58.376213
-3.880919 -31.862686
-28.956463 -24.046165
1.662770 -31.620451
-28.856117 -24.447092
-22.792009 -29.695223
-18.013405 -29.100466
-30.547216 -22.176189
3.981225 -30.358122
10.842549 -57.734646
-29.865393 -22.955584
-2.733382 -32.683716
-33.580578 -17.617506
-1.000480 -35.016243
-22.332045 -30.433546
-27.059078 -25.257273
4.674198 -29.824926
-14.231314 -29.266991
17.592556 -51.886627
1.788818 -32.476910
-2.937874 -32.507389
-28.495220 -23.984076
-29.565107 -23.257717
26.714539 -32.230892
2.432811 -32.062840
-17.276213 -28.417336
-7.853876 -31.067400
-13.154653 -29.610878
-30.405096 -22.303436
7.752314 -28.570017
7.335034 -28.720058
2.689248 -31.512339
-14.415806 -29.562027
5.130183 -29.803736
-17.414148 -28.622240
28.374592 -37.431412
-27.646053 -26.027979
-15.627683 -28.689232
2.092998 -31.107134
1.972472 -29.797087
-25.861959 -26.369158
13.986349 -56.622974
27.845263 -37.887112
9.481937 -27.916824
11.193851 -27.424410
-15.134689 -28.623796
9.756781 -28.232582
10.510011 -58.635468
-11.880680 -29.790934
1.850816 -32.510582
-29.179008 -23.862349
-11.702824 -29.656637
-23.005405 -29.466524
-30.991787 -21.514994
-13.403069 -29.976812
2.094189 -31.734236
26.972361 -41.946873
13.334221 -27.248426
14.710942 -55.544094
9.229379 -59.196796
-27.351578 -25.300097
10.396093 -57.932312
-27.142033 -25.780262
-28.481510 -24.884863
21.712263 -28.837860
-31.575609 -20.959320
-25.533192 -26.634535
-27.777391 -24.317198
12.770603 -57.462654
4.708326 -29.598589
1.474346 -32.417919
1.887568 -31.895441
2.773710 -30.932663
-29.911869 -18.578836
-14.499043 -28.961800
25.302355 -47.428577
9.200228 -28.422377
-27.032309 -25.960186
-13.462916 -28.792833
15.768087 -55.226753
-30.049608 -22.688543
-32.264778 -20.339970
-27.765070 -23.989351
19.971903 -51.948788
-6.055091 -31.034672
-30.262371 -22.542246
27.066811 -31.969244
18.675713 -26.717459
-7.950783 -31.127602
-27.583265 -25.878864
5.847119 -29.174675
21.654049 -51.333527
1.873399 -30.008877
-33.054001 -17.072531
26.387049 -29.143328
0.738657 -33.058029
19.595491 -27.204483
-33.269730 -17.817448
-28.946800 -23.646078
2.079367 -31.923573
18.525421 -52.739071
2.137974 -29.928370
-32.162289 -19.085886
1.369933 -32.107548
20.354660 -51.742489
26.572763 -35.383327
14.519913 -28.211809
-9.460470 -31.220356
-7.994308 -30.889048
-16.387844 -28.067570
8.058406 -28.579378
12.680408 -56.584427
-6.663487 -30.984537
9.451288 -58.969372
-32.625885 -19.353271
1.853125 -30.000244
-17.551279 -27.176807
25.420795 -32.323322
-16.861618 -28.053673
-31.375475 -18.806868
24.760540 -47.969223
-13.446419 -28.795874
14.375307 -54.509445
21.889292 -28.156218
-18.049343 -27.248646
-18.145458 -27.852739
-25.751753 -25.072186
23.192501 -49.062435
24.598530 -30.987822
-4.597308 -7.665508
-32.284866 -20.218966
18.504622 -26.597260
-29.840870 -22.942343
-29.865852 -22.171654
26.121071 -33.855438
22.724106 -48.949955
-31.423502 -21.061827
-15.690249 -28.893412
13.447221 -54.489601
-31.757139 -20.372816
2.215680 -31.986902
-31.869661 -18.709763
23.498194 -48.292332
23.665310 -30.322458
20.646334 -27.872099
21.803095 -49.986370
14.468219 -56.336151
15.869754 -22.744629
-32.502323 -20.114275
17.607260 -52.447098
10.941524 -53.008026
9.930165 -29.473873
10.224029 -57.857864
18.245359 -53.516281
19.451921 -27.020100
-32.128784 -19.159269
-31.486876 -18.653809
25.300497 -47.942348
-32.257816 -19.178427
9.973830 -48.192478
26.090139 -44.106388
11.083067 -52.944317
10.227868 -48.966545
22.576443 -49.849621
26.250648 -29.851309
5.674014 -29.077868
9.978308 -48.273048
10.235784 -29.384550
-11.998166 -29.418583
10.419545 -49.986149
10.832372 -52.258202
-10.220281 -33.626045
24.655993 -31.079678
-20.954737 -35.149132
9.642193 -58.270054
8.841657 -58.379696
12.544512 -56.324417
-30.326097 -18.473019
-5.343587 -31.155403
21.420269 -28.326025
-18.944696 -26.371080
-21.420221 -29.626793
19.412413 -52.682404
1.722799 -29.784336
15.150095 -23.374603
-32.080708 -19.464239
-10.261522 -33.473930
-31.646730 -19.512911
26.441601 -34.719810
21.131899 -50.842567
-8.385620 -30.760931
11.246965 -57.410713
11.067587 -58.030720
-14.240897 -28.804182
26.288414 -29.524439
12.265555 -54.071259
10.090264 -48.453682
-28.324940 -24.278513
15.522250 -55.426109
-29.562105 -18.497030
-13.506655 -30.673347
25.493797 -23.473103
19.970842 -52.292126
25.876341 -33.376877
25.374212 -45.252281
12.266955 -54.196499
-21.588423 -35.296093
-29.130171 -18.674112
-31.716059 -17.970440
-32.767910 -17.751165
-0.897679 -33.268555
-31.777428 -19.952379
18.597322 -53.397472
11.442067 -58.122356
11.665181 -56.973358
-21.146290 -34.706707
-17.548729 -27.386189
10.907232 -52.410114
20.200212 -52.120689
10.377240 -50.101547
23.503551 -48.177662
18.114109 -53.785290
-8.828032 -30.897715
-17.978598 -27.154209
-30.145578 -18.326183
10.742958 -53.545258
10.415871 -58.309559
-17.138523 -27.926020
24.443064 -25.698029
-2.730577 -36.736752
26.705196 -41.481808
-14.074478 -28.102297
-15.717819 -27.571848
26.914310 -37.502857
11.638437 -56.855789
-12.794133 -28.945404
25.499727 -32.626698
11.149144 -57.324829
-11.917750 -29.122719
-31.009583 -19.021345
-13.814998 -28.892067
20.705017 -51.330540
-18.204979 -26.610878
25.572845 -23.408865
25.553938 -23.545881
-31.503754 -21.001270
47.364513 -10.148334
24.931437 -24.350603
25.253788 -31.554234
14.635191 -56.101692
22.451542 -49.216019
-32.511002 -20.143948
-22.067234 -33.197762
25.447977 -23.583775
-5.986414 -30.995417
-0.139210 -35.703907
-10.379929 -30.439323
-17.612282 -29.371027
28.237831 -36.016933
26.370134 -29.350138
-23.183094 -29.161421
26.167330 -29.666452
-22.058365 -34.371075
8.414267 -59.096523
-21.334541 -33.555580
-18.255894 -26.678230
47.785858 -10.075814
-29.897541 -18.255878
47.109978 -10.714897
-17.898245 -27.227270
-1.845117 -36.953175
-32.387009 -17.376915
-1.481439 -37.376778
47.519798 -10.153993
27.504486 -37.027550
25.643726 -44.315590
-21.482939 -32.302948
-21.389357 -28.218138
-32.631149 -17.477823
-21.441946 -29.822302
-1.441709 -36.470776
19.737720 -52.491043
24.516438 -25.231262
24.618929 -46.447006
-14.429815 -28.175884
-0.790407 -37.012360
-0.863819 -36.974129
-1.080721 -37.179451
25.484135 -44.972206
48.831467 -10.032464
25.085968 -24.076397
-14.379723 -27.400715
25.445740 -23.548967
-21.790209 -29.611202
-2.024230 -37.221039
18.457325 7.158121
27.319075 4.237772
-32.879524 -17.907482
24.766945 -24.646833
10.997084 -52.674152
-13.094329 -29.938704
-0.997206 -33.027626
47.157406 -11.351127
18.345095 7.142561
19.900370 -27.025618
18.574806 -53.510658
-5.056383 -31.218067
-0.937373 -37.000683
-32.687717 -19.402542
18.857515 -53.045094
44.968830 -7.675915
26.299656 -29.271006
8.315980 55.409821
-1.643827 -36.450363
10.378053 -49.753334
47.624180 -10.428877
47.180878 -9.466327
45.315948 -7.896716
46.869873 -11.667495
43.814991 -5.740423
37.656147 -0.613759
21.896715 -49.921585
25.778812 -44.179337
46.622311 -10.574437
23.319185 -48.550705
26.147995 -30.084080
8.505152 54.963604
-22.420927 -32.714851
44.754295 -7.085262
-17.942379 -27.029554
45.128654 -7.543230
-9.933036 -33.767479
-28.878008 -18.879335
42.947968 -4.874630
47.761524 -9.859998
-32.053017 -17.493340
-18.560083 -26.434586
-33.875202 -17.168871
18.347139 7.105232
47.126278 -9.503200
17.471630 6.878840
21.921377 5.561758
47.778160 -10.323089
31.562248 0.567493
46.804569 -11.934081
27.553890 -38.551552
25.919537 -22.997379
23.017996 -48.685795
-16.552042 44.754894
46.283134 -9.122620
-21.460676 -34.621624
8.449418 55.339077
44.310207 -6.836688
11.028759 -1.852915
47.191235 -11.103727
46.913208 -11.507634
46.813606 -10.117636
-32.106186 -18.024471
-8.043879 4.742846
27.945044 -36.394859
22.626633 5.302449
21.383373 -50.501606
4.541389 -10.134103
25.569830 -44.590725
24.474321 -25.507414
47.288052 -10.000535
23.902895 -47.532627
18.560337 7.073297
42.987988 -5.556529
46.676231 -10.835257
35.487747 25.863607
45.130135 -7.670712
21.860687 -49.958385
21.236477 5.801871
18.488571 6.794511
24.804325 -24.557514
40.538807 -0.292907
-31.250568 -20.158323
27.227829 -38.502213
23.019226 4.243903
-22.142401 -34.385540
43.688393 -6.223984
10.828818 -1.791826
24.372614 -46.798943
-2.808694 -36.235146
-7.455760 -40.384575
-4.892413 -39.555695
31.691885 -0.291707
28.261217 1.987801
35.178967 -2.181752
34.584785 -1.592208
35.577526 -2.683160
41.234844 -5.075159
40.606934 -4.698016
28.394186 1.295889
30.691879 0.073075
44.629768 -7.807224
44.623577 -7.808743
43.525532 -6.698891
31.387281 0.096809
44.007702 -7.082965
25.160688 2.140980
34.122883 -1.174477
29.638674 0.641089
46.069351 -9.004404
45.126423 -8.139786
28.849117 1.134632
25.442421 1.865379
40.807011 -4.674811
41.088001 -4.878901
36.531914 -2.370308
29.200249 0.788014
29.600256 0.518030
45.264580 -8.292218
41.107647 -5.024291
28.070505 1.145301
29.907248 0.852197
46.827957 -9.695529
33.697002 -0.578033
28.665054 0.949266
31.887743 0.312898
35.539379 -1.641329
35.924583 -0.834595
39.984638 -4.096922
38.023018 -2.142986
32.534451 -0.751837
38.351284 -3.203310
30.867556 0.226487
32.311352 -0.018497
40.557327 -4.091933
40.367493 -4.432787
40.263393 -3.670089
43.001980 -6.323939
28.523424 0.987028
36.207939 -0.460700
47.242245 -9.475662
37.007790 -2.588874
32.496105 0.361796
35.268570 -1.245054
45.604080 -8.334895
37.092827 -0.102312
29.796530 0.606371
28.769585 1.076076
40.067680 -2.341001
37.641418 -2.166114
37.027279 -2.069631
37.690105 -0.289297
40.583553 -2.091999
26.981579 1.444549
25.816612 1.787776
41.464291 -5.133429
34.157902 -0.104379
27.037861 -1.802856
32.716808 -0.276139
35.940582 0.166910
28.178465 0.409510
38.312065 -1.426977
29.682438 1.011582
39.575115 -2.272516
25.006756 1.897806
39.482151 -2.330583
29.827036 1.036875
27.492144 1.007146
41.818764 -3.397957
26.539326 -2.071061
27.952608 -1.354632
33.698368 0.051155
43.886631 -7.005808
38.383686 -0.260066
39.285698 -0.990833
40.253067 -2.430429
37.538639 -0.031699
39.839691 -1.515128
36.381813 -0.789610
30.833420 1.475822
46.052357 -8.817979
42.749016 -5.438910
27.381500 -1.190978
39.186863 -0.843964
38.695930 -0.186096
37.923828 0.637584
27.787205 2.920507
39.306583 -1.853170
28.189770 1.515479
30.078257 0.447608
40.364933 -2.049373
39.567253 -1.689070
40.596165 -2.481121
28.250662 -1.145838
31.332993 0.395124
22.295250 5.307448
42.914955 -5.354277
25.699427 1.871462
10.785231 -1.954437
42.770008 -6.094902
38.250298 -0.987930
39.958904 -0.239059
37.610699 -0.871707
36.408302 -0.231090
39.877651 -0.756685
33.779949 0.072446
32.973156 -0.124657
35.609470 0.441701
39.993328 -2.914525
32.097862 0.003709
17.198668 5.500888
22.541046 1.365777
-6.138943 5.432792
26.441013 4.502070
38.218006 0.703072
36.573830 -0.417665
23.456623 4.577949
24.019131 4.730323
7.868855 7.714436
27.989233 -1.423548
26.457306 4.198866
24.255060 4.183668
23.059233 5.189820
27.088617 3.523108
26.531660 4.515620
23.854897 3.523257
24.400497 3.396377
9.668007 4.603808
10.028615 -1.983237
25.973385 2.295242
27.807589 -1.371665
21.342127 5.637815
26.593725 4.350504
27.203018 3.245920
22.817427 2.058640
7.465717 7.725758
-8.213564 1.916480
23.016731 5.006268
9.330326 7.767048
-4.727528 3.862041
-9.995757 -2.127708
24.225548 2.694576
27.152439 -1.638558
9.797944 7.820154
-4.184930 5.912125
40.029819 -0.071479
22.434948 2.100766
38.668674 0.764685
7.908247 5.211606
23.063108 5.137816
6.850203 7.768698
7.464861 4.784897
26.659100 -1.995752
7.477602 7.733117
14.951710 7.274385
23.585537 1.426105
27.175346 3.311648
34.389572 -0.171507
11.268357 -1.571621
-5.869702 5.401873
11.251465 -2.035245
21.140182 5.781075
25.592142 1.835315
11.307690 -1.833561
7.789531 29.693674
8.650003 5.987875
21.574575 5.496253
19.422705 5.865583
9.388333 6.140731
6.179488 -4.187005
23.979265 4.785960
15.919147 7.104186
24.425922 1.380269
9.035495 4.404222
20.553057 5.443612
-5.049114 5.417249
42.996193 -5.565709
-8.202060 1.103619
14.562990 7.488318
8.106692 5.091851
7.894445 4.409942
22.632200 1.339240
-4.678706 3.858677
7.150568 -0.499579
14.700753 6.202011
9.067258 5.595041
6.899706 -1.450306
14.599377 7.576630
3.029684 -8.977886
8.706539 3.409571
22.219501 5.044395
1.357773 -10.221703
8.688107 7.280565
4.898448 1.195087
22.620010 1.901080
7.389472 -1.999576
8.248377 7.721638
8.704359 7.188585
0.261816 28.368238
-5.839825 5.446173
18.506628 6.525468
7.677813 0.119283
5.839973 -4.793641
20.597580 5.843314
14.340039 7.627940
8.465178 5.045313
10.980155 -0.887489
16.443386 6.603795
24.588921 4.558272
-0.250387 -4.537391
8.372247 7.624619
-7.878920 4.705153
7.192778 -1.140207
7.829444 1.706582
7.296244 7.765132
-4.438887 5.916875
9.201214 4.071879
8.876427 6.492477
8.633618 5.875801
-4.800097 5.795453
-0.366720 -5.568686
-5.781647 2.887229
8.606681 6.855955
8.918879 7.250827
-4.229158 5.471410
-4.175365 5.953819
8.202257 3.097568
12.703113 5.146907
15.054157 7.361460
9.037566 4.597698
1.815053 -8.876052
3.902697 1.615041
9.162435 7.812768
8.364628 2.179645
6.618713 -2.462615
-7.325321 5.025148
14.268775 5.762076
4.135329 -6.008075
-6.116074 3.008663
16.516363 6.694058
12.205120 5.061635
6.048577 -4.475410
-7.837165 2.719143
7.791104 1.841362
1.680640 -10.563072
7.000990 7.721413
15.594226 6.456124
5.220902 -6.020829
8.853709 5.193336
13.113771 5.291308
8.999992 -0.528277
6.842467 -1.761751
4.391366 -7.522379
-8.266034 0.964944
8.979560 5.678957
6.342505 -2.397015
14.434296 5.943560
0.608953 -6.336402
6.463696 -2.802943
6.493978 -0.321591
16.646681 6.720448
1.015410 -8.316048
5.522738 -5.851348
4.870095 0.640676
3.784858 -9.272881
3.326500 -9.762029
5.659618 -5.083148
3.775824 -8.204469
7.247949 -0.030551
0.382280 -8.694431
4.873617 -6.923293
4.117394 -4.483252
13.891584 5.526073
8.034199 -0.831623
5.192029 -6.301263
8.954386 3.666111
-8.539431 2.135390
4.523132 1.709461
15.077562 6.284010
8.711124 3.823113
16.112410 6.576539
0.929251 -9.648431
5.810792 -2.822594
14.981277 6.090534
-7.278416 3.116569
8.236214 -0.562447
17.246323 6.666736
4.866795 -0.027665
4.394723 -7.100602
4.275871 1.672511
15.005491 5.750483
4.339596 -7.585007
-15.155131 6.381611
0.173058 -9.962976
13.667279 5.429322
-7.735607 2.874650
-15.263441 6.505954
6.255221 0.333857
-8.581263 1.797785
8.950287 7.622482
-5.823556 2.968338
14.077889 5.839415
2.514507 -9.770670
-17.369381 -1.956857
4.498870 -5.322974
2.689984 -8.985407
-11.521482 0.491935
4.422052 -7.522913
8.400559 3.926979
1.000929 -9.552334
6.927657 -1.866563
-8.781650 -3.961358
-7.165347 -2.364344
-4.736169 -3.536528
5.081455 -4.601894
5.504700 -0.397999
4.717481 -4.374094
0.221956 -8.738605
4.710909 1.910813
7.223288 -1.102720
0.840406 -10.411611
2.738322 -5.324127
5.940028 -4.551971
-5.838274 3.244312
-14.972669 5.539248
1.999280 -10.448265
-7.737147 2.353641
2.830868 -9.589672
-8.639186 -3.943671
1.519090 -10.003469
3.092737 -9.216912
11.610556 4.249930
2.452622 -5.525674
4.590575 0.486663
-4.196554 -3.421839
1.865042 -10.280384
-8.071203 -3.644144
8.738144 -0.634763
5.312207 -3.842612
12.237144 5.054351
-0.236157 -3.848361
-10.061073 -0.145734
-19.865824 7.958630
-11.619332 2.529332
-18.720449 7.981554
12.258442 4.467087
-13.612861 2.857381
-19.197693 8.728147
-0.167766 -3.616609
-20.492027 5.982533
-8.175643 -3.805140
-9.205688 -3.985713
-16.499998 4.203192
3.512617 -8.399940
4.263399 -8.702037
5.450049 -3.684733
5.021408 -6.659134
-0.161990 -4.633763
-17.886814 4.768534
1.724275 -10.528399
-9.412998 -3.785205
0.247396 -8.554162
-19.691317 4.441183
-16.862621 3.983553
-17.945982 1.874826
24.504969 33.582836
-9.365042 -3.209618
-7.249686 0.943614
-4.091545 -4.062886
-10.761449 -1.962591
-6.900412 1.371743
-12.667179 1.685607
15.417401 6.230741
2.171401 -10.399784
-9.277846 -3.753417
9.091500 -0.413796
-21.992075 4.201430
-20.078308 9.724776
5.693474 1.733235
2.712049 -10.161772
-9.765033 -2.316190
-17.403221 10.346155
-21.937037 7.711591
5.658322 -0.191043
-20.759588 10.570663
-19.380058 13.260917
-7.752028 -3.754239
-8.684464 -3.392321
-8.418610 -3.563888
3.310434 -8.572905
3.277399 -8.885262
-2.500673 -5.375419
-8.574647 -3.557122
-4.183469 -4.918810
-18.362833 8.661628
-6.168327 -3.631195
5.830769 -3.570292
-9.890521 -3.663683
-15.026242 4.373205
-2.025040 -5.033134
-10.522184 -2.504504
0.505688 -10.375270
-20.662233 10.894964
0.047817 -7.531559
-7.669918 2.875301
-14.367875 3.446170
3.615933 -3.689470
-21.792627 3.441791
-1.138626 -8.556869
-19.466108 13.027070
-10.098102 -3.243493
-20.233232 10.421495
0.059277 -9.790787
-10.899823 2.629846
2.574706 -4.926346
-19.444857 13.187687
-15.666012 6.837105
-10.166878 -3.236658
-21.400696 2.870399
-18.592823 4.167571
4.467215 1.711559
-18.772100 1.673141
-10.505392 -1.636170
-8.355853 5.367891
-21.100447 6.707430
-15.362031 4.878205
12.750457 5.148286
-5.895626 -3.850290
-10.857038 -1.895779
-14.767026 3.439087
-20.430653 11.292061
-12.483897 2.768754
-13.646870 2.271238
-20.734858 3.014622
-19.927580 3.353802
-17.587515 10.356863
-10.952127 -0.692516
26.119995 38.825348
-5.477285 -4.008029
-11.253261 -0.908528
0.437922 -6.638308
-6.813221 0.987779
-0.429958 -4.147320
-9.709234 -3.805201
-8.054472 5.652533
-2.432588 -5.115838
-14.850396 3.483861
-1.950530 -8.018463
-20.012022 3.882984
-21.113695 4.281707
-10.535674 -2.180452
-0.550962 -8.520461
-21.119406 7.033574
-20.812595 10.643162
-12.995493 2.195472
-10.906010 -0.874559
-18.106430 10.067348
-21.941875 7.627056
-20.426168 10.687768
-17.604630 9.234406
-17.472048 10.155677
-10.279014 -1.483529
-19.498596 12.850107
-22.255522 4.110258
-20.402004 1.167034
-20.738180 3.641286
-17.448301 4.040202
-20.964939 10.203987
-17.780449 1.035429
-12.100201 0.950098
0.019185 -8.041729
0.748212 -6.632484
-5.157450 -3.919495
-18.418398 8.107912
-16.729284 4.057180
-11.834870 0.330367
7.360290 29.292303
-22.045156 6.851122
7.671450 29.581497
-21.294609 3.328023
0.057172 -7.843979
-2.690819 -6.732583
-10.159520 -2.640908
-10.634230 -2.544361
-21.576290 2.525637
-21.885984 7.646114
-19.573172 12.872197
-11.211123 -0.994257
25.779478 38.345589
-13.175737 2.532023
-20.760370 5.574855
-20.057674 11.882920
-18.306879 4.200459
7.327310 28.738674
-17.916836 4.369602
-22.122461 6.551745
7.373857 29.324566
-10.463456 -2.870183
-17.418177 9.636154
-22.444054 4.904181
-13.019413 2.359868
-17.461521 10.892829
13.457709 33.217049
4.131628 -4.274530
26.154766 38.762161
-19.059290 4.205852
-22.064430 1.612163
-19.624563 4.095890
-19.324585 3.097556
-0.717883 -8.447812
-21.913849 1.697626
14.838690 33.788158
4.313553 -3.273050
-17.836441 1.619984
-5.791312 -3.930516
-11.206488 -0.257934
-14.035403 3.088108
-18.498360 0.644539
-22.450270 2.325796
-21.981550 -0.776902
-20.612848 4.192966
-21.141375 1.923365
-21.689098 7.460153
-17.347185 10.088258
-16.480061 -2.353313
-20.892740 2.516814
-17.546755 1.632758
-22.663263 0.867027
-11.604017 -0.010446
-19.633535 2.837167
-22.334856 2.068965
-21.018627 7.134897
-20.793724 4.171942
-19.836885 8.087811
-22.131487 4.831419
-11.437611 -0.341476
7.350362 29.308567
-16.624701 -2.277957
-17.296616 9.170982
2.958212 38.541180
6.607772 36.240650
38.224236 30.912594
-22.564796 2.570634
-19.752266 11.256840
7.379547 29.287827
18.859758 34.907928
25.895952 38.485424
-22.050732 0.554458
-22.182833 3.260411
-4.523543 -7.589113
-11.453674 -0.313312
-20.598684 11.031059
-22.469685 1.931825
-19.363510 4.648890
25.622471 37.937111
-21.520426 6.534886
-21.830492 0.284337
-12.417113 1.233776
-21.303837 3.185244
24.866940 37.315277
-21.964954 -0.725820
-21.040047 1.979804
35.488388 32.353481
-21.685827 0.621203
-22.657000 1.918967
-2.996653 -6.407542
14.522805 -22.603046
14.470235 -22.315758
15.423168 -22.138237
14.619621 -22.054989
15.346829 -22.062429
14.508919 -22.556787
15.431230 -22.684526
15.123010 -21.911606
16.162207 -24.123650
20.808054 -28.253063
14.889546 -23.064365
15.583957 -23.249876
15.802131 -22.709381
17.047052 -25.248640
16.392899 -24.465029
20.231543 -27.812035
18.203297 -26.415810
15.285362 -22.693802
15.942445 -23.573320
14.682440 -22.758560
19.629122 -27.563416
16.524557 -24.605576
23.113041 -29.897352
15.831825 -23.853720
19.109095 -27.179544
21.345362 -28.663099
14.933850 -21.908932
16.955616 -25.134342
24.946453 -31.521023
19.361504 -27.475618
19.015776 -27.047602
15.543223 -23.647522
15.059319 -23.266563
24.223820 -30.823133
20.182030 -27.736517
15.571712 -22.299616
25.459192 -32.067265
25.335611 -31.928488
17.466604 -25.715055
21.662918 -28.818604
26.925003 -40.882923
14.876708 -23.049021
17.960138 -26.206387
16.060301 -23.949160
24.787027 -31.362762
15.790936 -23.105562
14.707235 -22.061108
26.936649 -37.874935
27.061686 -39.712292
26.757986 -36.080364
21.995258 -29.023439
19.575161 -27.563753
27.065172 -38.191345
27.179722 -37.641914
27.037033 -39.981064
25.844069 -33.045280
26.627924 -35.656933
20.341864 -27.958269
17.462070 -25.716534
23.755381 -30.427715
26.900679 -36.987083
16.337025 -54.886173
27.009426 -38.534203
25.659391 -45.139675
26.709263 -41.692039
21.336847 -28.646191
26.010757 -33.381031
17.673613 -25.947824
21.282234 -28.647148
26.924824 -40.905495
26.929123 -36.927719
26.976568 -37.288593
13.756490 -56.895245
11.481382 -57.441959
22.404636 -49.796154
19.922916 -51.957653
26.818707 -41.424068
9.731859 -58.687370
27.189129 -37.736000
24.353748 -47.001846
27.114405 -39.103149
20.967794 -51.113182
26.762505 -36.162014
26.661102 -41.800392
23.182734 -49.077412
14.297070 -56.588791
26.893465 -36.831169
24.868252 -46.202049
16.347284 -54.890598
17.521275 -25.787878
23.014149 -49.277157
22.268871 -49.881897
27.081701 -38.923897
26.104406 -44.465519
25.920916 -44.805668
17.300856 -54.313961
25.797792 -33.109692
26.242537 -34.076599
26.940565 -40.720188
21.030359 -51.068348
26.890818 -41.108505
8.637341 -58.481930
10.867032 -58.475262
24.051516 -47.468792
26.061373 -44.144379
8.523359 -58.661228
25.206602 -45.653526
25.632729 -32.456779
16.205786 -54.975117
10.809432 -57.509186
12.480238 -56.078297
24.301060 -30.893860
24.733421 -31.355518
26.149385 -33.708534
16.807051 -53.493462
26.570095 -32.374962
21.007212 -28.303379
13.886219 -56.098377
26.184666 -43.423576
24.806799 -46.320110
12.304354 -57.674160
25.621279 -32.639843
26.098404 -46.335823
15.096219 -54.736942
27.069836 -43.719822
26.371595 -34.420822
12.524921 -57.601116
6.768036 -28.921627
11.093623 -27.459206
24.279196 -48.769283
22.647465 -50.586391
14.966999 -56.060272
19.595442 -52.246510
22.623341 -49.564335
26.990881 -38.248894
8.825389 -59.330189
25.829586 -44.923100
13.821904 -55.123512
8.439543 -58.920174
8.289109 -28.376638
17.295412 -54.327095
7.573277 -58.737194
14.372473 -54.785778
24.206232 -47.243988
12.062956 -57.840023
8.894464 -58.875496
9.915075 -58.847244
12.202588 -27.212749
12.636147 -27.227720
14.127729 -55.604530
17.707024 -54.009834
26.015690 -44.011292
27.254688 -35.505619
11.757020 -27.291342
-23.914856 -32.779442
-2.379883 -34.246323
8.413518 -59.100552
12.041478 -55.651070
-56.105370 -5.742077
-54.264427 -4.663795
-54.641125 -5.071446
-54.581528 -4.646513
-55.716827 -6.434556
-55.463161 -5.139933
-55.486717 -5.811963
-53.892521 -5.342951
-51.537819 -2.876851
-55.210152 -5.701998
-55.231869 -5.618432
-52.623817 -3.304392
-54.241428 -5.540074
-53.968460 -3.990983
-54.801682 -5.066381
-55.797222 -5.604858
-54.445770 -4.641407
-49.924873 -1.843834
-52.598919 -3.878681
-56.071831 -6.271050
-50.099251 -1.591949
-56.033833 -5.513708
-56.324135 -6.042522
-51.552605 -2.558745
-55.847836 -6.438342
-52.741039 -3.375305
-45.498817 2.037212
-53.920841 -5.273641
-51.722908 -2.725845
-52.327763 -3.871038
-51.742531 -2.791429
-53.930973 -4.021695
-46.305878 0.908875
-52.747795 -4.618433
-50.446754 -2.033564
-47.008358 0.676782
-42.828541 5.168222
-54.121162 -4.234082
-53.425461 -5.172875
-44.546127 3.359801
-49.703609 -1.442842
-49.146214 -1.023718
-55.759529 -6.059350
-50.443085 -1.816388
-42.823219 5.178105
-45.588013 1.675215
-47.196335 1.016207
-53.801723 -4.377726
-46.487679 1.047199
-45.345276 2.278189
-50.406883 -2.161367
-46.117390 1.011473
-45.752491 1.913851
-44.669506 3.147210
-53.516212 -6.457249
-54.061829 -5.348968
-46.663563 0.732268
-37.363861 13.565441
-49.734184 -1.518933
-51.104641 -2.760491
-49.932568 -2.014213
-40.119183 8.536988
-41.393303 6.869465
-34.177845 18.432293
-52.747242 -4.819728
-40.660030 7.644281
-38.736687 11.039866
-48.695011 -0.627754
-52.144680 -4.456997
-48.653206 -0.518447
-54.740646 -6.366007
-47.517101 0.594245
-40.150795 8.502842
-37.328995 13.671785
-49.411461 -1.268993
-40.324287 8.311448
-43.663712 4.260944
-37.435696 13.504241
-44.081249 3.874819
-34.936512 17.174812
-46.835613 0.593764
-43.962872 4.039541
-35.438339 17.957624
-40.804085 7.786977
-46.089287 1.537545
-43.368382 4.586233
-53.565525 -4.776363
-44.313431 3.638713
-36.578323 14.874944
-34.856541 16.689186
-36.611973 14.485778
-39.177620 10.274669
-37.918873 12.391810
-45.821056 1.336402
-37.739399 12.783400
-47.533142 1.209931
-46.415176 2.267656
-46.925900 1.358701
-38.707554 10.069785
-46.044537 1.483306
-35.889412 16.000492
-45.773777 2.938633
-42.193333 5.935245
-47.499325 1.443627
-40.126747 8.481997
-40.799042 7.830021
-43.962036 4.040073
-36.162865 15.622034
-41.820103 6.474772
-40.443657 7.990330
-36.675819 14.853468
-50.876957 -3.762720
-41.129864 7.234316
-47.080166 2.135904
-55.450333 -6.499044
-35.313320 18.645464
-40.712402 7.526239
-31.873774 26.785227
-35.890118 17.542194
-46.594158 2.772150
-47.194294 0.276163
-38.333466 11.464176
-36.356697 14.968563
-36.406303 15.438775
-46.354939 2.270630
-38.234154 11.923542
-34.814598 16.944397
-32.465420 26.219690
-51.942158 -5.889394
-42.373173 5.860093
-33.777859 27.564959
-34.767735 17.784966
-36.862335 12.536951
-38.875652 10.627690
-42.988850 4.986636
-36.757790 12.727497
-38.002102 12.028551
-41.197338 7.140478
-38.050999 10.502351
-37.439030 16.916471
-37.361305 13.044346
-53.531891 -6.552773
-24.757006 36.720669
-38.075649 11.553553
-50.922028 -3.112098
-50.616348 -2.827814
-45.034321 3.141601
-35.518997 19.577217
-35.556297 16.784185
-38.113499 10.835595
-36.677528 16.886930
-39.131008 9.700348
-36.733624 12.718961
-34.511681 25.003483
-39.062550 9.544707
-34.821011 18.913887
-41.228012 7.101406
-41.745159 6.489697
-35.303577 17.833485
-31.746119 27.492933
-30.863369 28.392498
-36.730587 13.848257
-43.882290 4.813479
-31.326521 28.959726
-22.269453 39.394909
-33.553944 28.099461
-35.555759 18.984274
-35.941853 16.297371
-42.125832 6.125764
-34.003342 25.715254
-31.459660 28.709780
-23.118507 38.859444
-32.488281 26.527103
-26.366892 34.424770
-33.927505 25.395195
-35.178295 16.382837
-27.823229 34.205322
-36.650059 16.474796
-32.116123 26.596010
-37.657921 9.648975
-36.071480 17.759964
-35.335461 20.063173
-37.774605 17.693838
-34.217094 18.704700
-35.762566 22.018681
-34.151905 24.858335
-34.780231 24.287260
-35.258671 23.610361
-35.327793 20.379566
-20.710108 41.452282
-35.516663 20.693216
-34.818195 17.470240
-37.031811 14.095789
-27.697426 33.673256
-47.612602 2.423550
-47.873280 2.566633
-37.354954 17.819471
-26.903339 33.360180
-28.650059 32.605835
-29.703407 31.231831
-38.971516 10.674724
-32.023312 29.074968
-24.342915 36.729824
-33.296322 28.070541
-31.916767 28.552315
-31.756956 27.554537
-35.532597 19.689419
-27.243006 34.341579
-33.575455 19.121115
-37.181835 11.686545
-33.218613 26.479094
-35.474331 20.205345
-36.989880 16.645206
-29.818350 30.752270
-38.034653 9.946251
-28.731091 32.539925
-33.622051 26.923353
-43.380077 5.526827
-40.196720 8.147842
-33.985512 25.052933
-25.773287 36.144459
-21.545841 40.106892
-30.436651 29.036907
-27.304993 34.083790
-24.848717 36.164307
-0.896669 48.404499
-30.165976 31.939623
-47.806164 3.194683
-34.845863 26.227167
-34.207520 26.291729
-21.586390 39.526829
-20.694294 40.635117
-22.112101 40.518486
-34.812954 25.360397
-32.168175 28.968798
-31.318459 29.735851
-37.657402 12.372435
-25.137524 36.259602
-42.441109 5.665476
-25.140413 36.035469
-34.589485 24.823793
-26.567530 35.258579
-22.524673 39.791073
-33.621536 24.592451
-35.928547 21.648859
-33.228855 29.158541
7.301533 54.910671
-30.105452 31.489750
-21.291952 39.837963
-28.038303 32.291882
-37.381817 12.997225
-26.364815 34.844830
7.149865 53.976101
-16.391733 43.652733
-29.326994 31.339163
-33.920048 28.372450
-29.633472 31.367153
-33.528042 19.189911
-27.927658 33.566055
-19.929945 41.318371
-26.793512 34.654667
-22.793533 38.433285
-26.109781 35.222763
-18.270994 42.903183
-33.112492 28.700764
-20.645716 41.260902
-35.308720 23.446142
-25.358770 35.672577
-21.938931 39.655315
-19.509874 41.659218
-17.187515 43.288902
4.935843 52.604984
-29.559731 32.467865
-23.098946 38.285496
-27.651627 32.806480
-24.757542 37.124245
1.825673 50.291157
-15.354156 44.187672
-34.506531 27.318825
-33.969887 27.713820
4.862176 52.546501
-35.093758 23.919979
-25.659948 36.830242
-25.457123 36.546379
-15.062268 44.283886
-29.460691 32.723930
-33.526871 28.874371
-34.771942 26.568035
-34.838451 25.881233
-23.005411 38.573708
-27.130434 35.335869
-29.833172 32.243832
-37.553288 9.285818
-27.454592 34.976440
-22.235643 38.800247
-32.747929 26.507292
-17.335215 43.139149
-13.959414 44.700264
6.656477 54.080795
-19.088011 41.972645
-0.862768 48.468975
-14.939733 44.336292
5.012090 52.660374
2.018106 50.439785
-33.152370 29.110027
6.468895 53.641308
-22.836529 39.415554
-28.336346 33.982479
-26.281116 35.752743
-22.943138 39.178570
-33.099010 27.072750
-20.540514 41.073433
-18.686146 42.334396
-29.261276 32.613804
-0.784871 48.499306
-33.449066 28.985710
-27.117918 34.216438
-33.651138 28.465305
-17.644890 42.966911
1.514480 50.068153
-0.917997 48.440266
6.065240 53.466286
-16.312611 43.711025
-34.088936 28.219753
1.387730 49.976696
-37.872551 17.817156
0.865387 49.614922
6.869721 53.772739
-18.731138 42.387989
-17.248611 43.300728
-25.302261 36.757961
4.465037 52.244583
6.840248 54.448471
-34.987206 24.810795
-1.557283 48.123642
-26.454388 35.079391
-30.240793 31.848627
-17.932707 42.698692
-21.964531 39.789806
-30.631462 30.617182
-15.035580 44.295113
5.561906 53.080452
6.450051 53.645508
-34.492386 27.288801
-31.930019 30.049242
7.054925 53.877033
7.487119 54.283779
-29.446848 32.522694
-15.244872 44.197529
-21.847715 39.174999
-21.872856 39.210594
1.651016 50.167492
-20.617149 40.501991
-15.058802 44.284336
-23.303116 39.143028
4.652375 52.386269
5.240842 52.833477
0.479966 49.349327
-0.506462 48.618820
-20.473999 40.671276
6.420338 54.158909
-18.207994 42.527737
7.833367 54.277966
-17.939390 42.917316
6.173912 53.710922
-14.953950 44.339951
-23.483957 38.173130
-19.528070 41.677902
-26.255329 36.193256
-14.367351 44.561211
-22.017445 39.699043
2.489550 50.780319
3.673293 51.656445
3.188781 51.295761
0.230792 49.177010
-16.707901 43.514866
0.506980 49.368565
-1.017343 48.244331
7.724663 54.974808
1.112683 49.786636
-30.250301 31.879818
8.140212 54.712185
-13.830315 44.748333
-35.487881 11.077425
7.955726 54.295212
-16.701582 43.497417
7.058512 54.577187
7.800439 54.788616
7.465252 54.854145
3.957850 51.867397
-21.646807 39.332222
7.757272 54.459335
6.737687 54.403603
1.734966 50.227749
-3.808011 42.542164
-4.813161 41.627037
-2.839822 42.833572
-4.394699 39.245293
-5.647295 39.333599
-6.228406 39.163960
-5.976114 39.759453
-4.401383 38.838573
-4.789485 39.512215
-4.226473 42.092804
-2.067155 42.591064
-6.461154 38.534393
3.420402 37.827450
-2.160227 42.913067
-5.548877 40.899193
-6.078926 40.161980
-1.745774 42.370239
-3.241318 42.685665
-2.895083 42.877911
-5.296627 39.664730
-6.178445 39.329319
-5.331162 41.086483
-3.794566 42.464016
-6.384851 39.853172
3.242611 37.815796
1.573906 38.965115
3.283195 37.991474
14.669456 32.289085
-2.641144 42.533768
-4.386078 38.966072
-3.322992 42.070713
-2.968239 42.261120
-5.706497 37.893147
-5.615582 38.877323
-7.341999 36.544659
-5.947300 40.588039
-4.005430 42.086689
-4.587398 41.865917
-3.965831 38.837879
-6.491903 39.114288
5.574902 36.427246
1.562683 38.862221
-3.821615 38.605728
-6.600300 38.068485
6.976002 35.923618
5.740497 35.188332
-2.352804 40.430077
3.492031 35.712460
1.774162 38.142067
0.973974 39.323650
17.982128 32.248493
0.071166 39.430016
4.842205 36.216343
7.152581 35.869484
-2.062948 42.996223
6.307307 35.819946
-7.447031 37.343060
-1.516660 41.977207
-3.978463 41.164677
11.018190 33.222969
15.099203 32.268517
-1.675693 42.509514
5.286327 35.705891
-5.520334 37.302792
3.160267 36.286671
13.610333 32.480568
-7.124254 36.248402
-6.094698 34.460514
3.401458 37.892231
-3.716661 38.610630
1.400962 37.639961
-2.556623 38.082436
-7.487458 37.711594
15.413329 32.246304
-7.253817 37.321163
-6.816297 37.605610
-3.031677 35.464230
-3.041446 38.084080
8.467630 34.055351
5.556708 35.329380
2.179702 36.001888
-2.293942 42.099575
-6.232933 35.700310
-5.568885 36.674301
-7.461091 37.779850
4.111739 36.542946
-6.754062 35.120346
-6.829147 38.601223
11.033209 33.265228
-3.902571 33.623783
15.006386 32.368568
0.958344 36.316124
-3.344105 38.024479
-7.353292 36.423599
10.353733 34.463562
3.956922 36.732567
-3.252439 31.637188
-5.023054 34.852444
-2.668745 33.152180
27.622194 31.332018
-5.882448 33.866451
28.819101 31.355280
18.971081 36.105980
-6.129868 34.585518
6.680450 34.979038
2.653989 36.217579
-7.222826 35.888077
8.155334 34.569420
34.623493 31.233669
1.938148 32.108639
-3.854389 30.702593
-7.379255 37.057224
-5.292814 32.295540
-6.671271 35.507782
13.946432 32.510651
17.745832 32.237812
-5.548194 32.992718
1.149383 36.150116
-1.815362 39.782593
29.423965 30.887573
28.732557 31.243574
-4.188404 30.258537
-6.743289 34.649353
0.344283 31.563555
-6.005127 33.199459
0.630873 35.893661
10.329850 33.647675
-2.526145 33.338150
18.908396 32.220432
-1.923176 39.869232
-5.495368 32.449993
-3.156034 32.490891
8.371869 34.376133
2.667082 35.157955
-1.440596 41.220982
7.492966 34.181213
4.098068 34.984257
41.012173 28.368317
4.963667 35.762363
3.004367 34.161579
6.105237 34.594814
15.126354 32.660423
36.901722 29.908255
4.715990 35.178558
4.762634 34.799343
-0.943818 39.439659
9.461924 34.243397
2.766160 33.100601
40.530659 28.727768
-4.979939 31.441422
-7.206347 35.795635
20.515656 33.113228
22.496264 31.760794
0.748985 27.579359
36.403801 30.769028
0.107812 27.460470
-4.174916 30.150227
13.792686 33.078602
-3.565301 30.912436
3.704309 34.934116
-3.646802 29.674433
16.582260 32.470825
-3.987060 34.806519
2.802656 31.451546
22.339943 31.791409
22.470173 32.340458
20.355732 32.540390
20.324745 32.069046
3.753617 34.736271
-3.941154 29.889215
17.743299 32.316914
6.959760 34.616791
13.394363 33.986538
36.677025 30.368231
3.220033 30.587831
4.201478 35.684818
1.780266 27.970222
15.090165 33.350193
35.584568 28.504004
-2.941341 28.267530
-2.995053 40.144855
20.834944 32.256523
-3.643589 31.403284
2.963356 31.083511
27.645689 35.242081
0.483692 34.787533
-4.836827 31.543301
-1.431511 27.613350
17.022388 32.449989
37.243172 28.654974
-2.535418 27.537445
16.103567 32.374966
22.383780 31.649736
40.527107 27.998863
3.158261 33.752197
-5.167649 33.948471
32.529739 30.018230
13.142326 34.260235
12.382205 33.553120
18.878719 33.414066
22.825758 32.004295
10.224867 34.366028
5.327957 35.718624
19.101891 32.847485
1.420943 28.029438
-2.364467 28.020840
15.588407 32.617496
-5.157627 33.385433
38.762699 28.067766
21.658594 32.196888
12.233950 35.942631
-3.360302 29.900934
11.195448 34.399403
17.556749 32.239002
14.743979 38.192047
2.130926 32.605717
29.109766 31.644739
-1.597383 25.732367
8.203675 34.181950
0.597146 27.588165
-1.619424 28.038395
-2.317343 26.740421
-3.921378 34.226192
35.800602 28.979486
-3.961915 33.735970
-1.852184 25.908131
14.714219 33.657227
-3.763508 30.136702
36.876846 28.445826
31.230942 30.202915
30.821560 30.898983
40.845242 27.926031
2.200347 27.949701
-2.783499 28.020502
41.252312 28.454500
30.744869 30.477404
-3.585489 31.361115
40.751492 27.089788
15.502043 34.601189
21.292765 31.865677
38.005157 30.862207
-2.539096 27.645386
21.077824 32.074615
2.522422 31.462372
20.593527 33.929626
15.909423 32.345844
28.432814 31.566460
4.285804 31.279057
-1.803679 27.291773
7.825109 33.732929
-1.387462 25.362255
15.417673 34.070232
-0.455153 31.623714
15.960430 36.517429
21.665581 32.445168
31.822454 30.140089
37.133644 26.052151
38.761253 27.663139
13.631934 37.905697
2.964002 33.427116
18.227861 33.170944
2.366696 30.543896
38.229839 29.370987
36.937527 26.042011
26.050365 34.601528
-0.452580 27.681532
2.124241 31.065525
38.917454 28.168062
40.179241 28.525261
17.226259 36.336586
30.244682 30.603115
-1.639392 29.331724
3.042703 30.357224
11.839605 34.565681
0.769129 27.138292
41.045872 27.609673
21.946505 32.039513
39.907494 27.095686
13.940219 38.224171
-1.524109 27.224993
36.617378 25.563574
1.116153 27.753164
37.225945 25.832840
13.867126 38.388252
28.985443 31.046988
40.148090 27.452957
36.121708 28.492004
22.951994 31.812975
15.111110 34.992706
-0.881192 26.964293
22.312870 33.542557
22.294744 34.738621
15.835814 34.719830
20.985229 32.128773
39.555187 27.076294
3.965452 31.195654
32.320152 29.748228
29.300903 32.736526
26.498638 34.650005
36.349022 29.940176
-1.348774 29.565298
18.656240 35.501446
36.738674 25.848251
12.368906 34.934162
-1.515045 25.706621
36.926819 28.219208
17.762819 36.284317
33.034073 29.631283
36.671223 28.008522
28.110613 32.139187
18.503439 34.119717
29.840992 32.660904
14.434257 38.153336
13.036245 36.066589
-2.428269 27.283401
40.939468 27.303902
18.855215 35.028584
25.704088 35.683018
-1.874599 26.336138
36.932323 28.406254
31.487856 30.758804
40.041908 26.747353
-5.193367 31.937136
27.982048 31.346462
-1.694435 29.321936
13.923202 37.192234
14.769003 36.301651
27.017971 34.183334
36.069550 28.504616
13.728765 37.129135
28.400364 32.714912
18.353167 35.029713
34.820415 28.199181
22.800949 35.826103
-3.756181 23.739878
-3.147473 24.934607
38.804874 26.875206
33.129494 29.818357
35.456108 28.538851
22.533005 36.004097
40.022793 28.564615
39.653717 27.403267
17.933350 35.841850
-1.511783 25.250648
23.823793 36.999165
16.266356 37.301483
35.810436 27.351408
35.648151 28.547575
13.832436 38.078972
35.204327 28.690065
-1.847031 25.185144
14.801294 39.164177
31.481253 30.462217
23.309538 37.761993
-3.260058 24.750422
28.220966 32.985165
35.914825 26.737659
26.496426 33.408566
15.323761 39.002705
14.302465 37.715237
14.883761 38.097191
37.929417 26.245565
27.438766 31.774069
27.368805 32.429115
25.436928 35.607124
32.429375 29.874504
25.967709 35.564697
23.539549 36.187389
35.170662 25.741533
-3.328671 24.552788
35.616478 31.118309
22.801901 37.653011
18.170231 36.314869
3.812950 31.551729
15.456527 37.916557
36.854008 26.474098
25.539223 36.272957
33.053917 30.232176
40.516972 26.910336
27.004436 34.391090
25.519554 37.668537
22.362457 37.509369
22.571104 37.527111
-2.326748 27.206982
20.104063 32.594154
24.830912 37.440144
-1.304257 24.922003
-2.250509 27.131519
24.597160 36.905834
35.905304 28.459225
25.975468 35.335194
31.469797 30.702734
22.635345 36.895855
35.680733 30.901194
22.362598 35.155949
29.792685 32.671902
32.558746 30.147568
25.127296 37.807159
30.985142 30.611134
34.564533 30.578978
19.371813 34.330891
38.765934 26.388584
25.127407 37.222160
25.559669 38.070065
32.269630 30.428736
16.216864 37.395493
35.532867 25.675758
25.682560 37.254032
35.393230 25.844460
36.076653 25.782927
27.719688 32.836147
15.046687 38.521404
30.665722 30.060417
14.686330 39.036877
24.839300 37.188911
37.529385 27.983959
27.314581 33.910046
33.100906 30.208969
26.389179 35.499023
29.543556 32.511250
-3.998738 23.290106
34.895847 28.811630
29.954231 32.399174
40.122864 27.556427
