0.698662 0.771063 -0.989670
0.779007 0.730784 -0.990037
0.867931 0.651675 -0.990257
0.831293 0.702178 -0.989762
0.346339 0.823525 -0.990794
0.646417 0.768895 -0.990778
0.846983 0.680858 -0.990075
0.271829 0.824801 -0.991342
0.888896 0.587693 -0.990832
0.535727 0.794336 -0.990895
0.455341 0.816005 -0.990293
0.891345 0.598215 -0.990569
0.929954 0.498721 -0.989938
0.495445 0.798925 -0.991086
0.379213 0.801223 -0.991968
-0.119639 0.806986 -0.992711
0.334491 0.824367 -0.990817
0.797580 0.672770 -0.991513
0.852833 0.688482 -0.989521
0.931595 0.474506 -0.990061
0.185173 0.822921 -0.992085
0.920241 0.543301 -0.990027
0.563088 0.774308 -0.991541
0.970969 0.078101 -0.993544
0.416233 0.816136 -0.990763
0.920979 0.213085 -0.992983
0.951075 0.297260 -0.990491
0.719290 0.750516 -0.990438
0.024030 0.810675 -0.993329
0.934354 0.331791 -0.991190
0.884640 0.613975 -0.990533
0.539419 0.773205 -0.991797
-0.462686 0.627961 -0.994808
-0.286635 0.770852 -0.993597
0.864819 0.572027 -0.991720
0.915736 0.538716 -0.990335
0.683582 0.715182 -0.992064
-0.278781 0.801309 -0.993815
0.951780 0.063213 -0.993886
-0.001791 0.824532 -0.992650
0.183169 0.827418 -0.991661
0.670689 0.678791 -0.992774
0.032599 0.817459 -0.993058
0.841703 0.517505 -0.992610
0.924709 0.417967 -0.990934
-0.491602 0.669871 -0.994756
0.833776 0.484460 -0.992930
-0.052493 0.808014 -0.993633
0.634973 0.726899 -0.992246
0.908807 0.263345 -0.992838
-0.316895 0.730184 -0.993805
0.851700 0.572609 -0.991993
0.453294 0.771830 -0.992453
0.666287 0.602936 -0.993503
0.991160 -0.241663 -0.967093
0.821052 0.441296 -0.993321
0.880572 0.272664 -0.993384
0.739125 0.565136 -0.993339
0.918108 0.280569 -0.992400
0.295555 0.780081 -0.993045
0.780380 0.676786 -0.991705
0.985679 -0.087434 -0.988398
0.943523 0.108859 -0.993523
-0.368788 0.790306 -0.994464
-0.287296 0.701010 -0.993777
0.209417 0.596808 -0.994641
0.844222 0.265282 -0.993955
0.287589 0.819188 -0.991683
0.784723 0.631455 -0.992352
0.916721 0.111046 -0.994121
0.680918 0.415270 -0.994333
0.932347 0.362362 -0.990998
-0.533102 0.745444 -0.994978
0.233719 0.664755 -0.994348
0.989111 -0.190781 -0.978586
0.182266 0.729308 -0.994055
0.917118 0.427868 -0.991222
0.922581 0.188386 -0.993196
-0.102003 0.819926 -0.993093
-0.782210 0.418240 -0.995187
0.902754 0.454517 -0.991599
0.988224 -0.166713 -0.981998
0.276219 0.795793 -0.992747
0.164871 0.637365 -0.994572
-0.701279 0.494810 -0.995559
-0.518628 0.751449 -0.994960
0.971864 -0.140707 -0.993485
0.912044 -0.090275 -0.995932
0.931482 -0.057156 -0.995392
-0.586270 0.316087 -0.996158
0.928840 0.227958 -0.992573
-0.000693 0.731801 -0.994407
0.932187 0.130713 -0.993567
-0.163308 0.748617 -0.994588
0.927392 0.010505 -0.994881
0.851526 0.258459 -0.993909
-0.787643 0.340026 -0.995353
0.987569 -0.311912 -0.973740
-0.775330 -0.106405 -0.996211
0.954472 -0.128556 -0.995336
-0.531711 -0.806664 -0.996467
0.849169 -0.030989 -0.996050
-0.810118 0.390016 -0.994517
-0.530232 0.676497 -0.995124
0.579722 0.585211 -0.993947
0.618201 0.541889 -0.994032
-0.602164 0.429668 -0.995826
-0.108904 0.637764 -0.994894
0.989010 -0.193622 -0.978660
0.984666 -0.184645 -0.986281
0.989124 -0.360646 -0.965710
0.967108 -0.210943 -0.993716
0.311021 0.790406 -0.992729
0.963634 -0.144338 -0.994691
0.938461 -0.141713 -0.995865
0.957009 -0.016119 -0.994632
0.944867 -0.189195 -0.995879
0.857632 0.064816 -0.995252
0.858644 0.441525 -0.992779
0.988197 -0.472670 -0.963061
0.973762 -0.081317 -0.993598
0.185041 0.406527 -0.995076
-0.193240 0.777129 -0.994433
0.919296 0.041407 -0.994737
0.254038 0.631425 -0.994456
-0.801993 0.355673 -0.993042
-0.630802 0.355346 -0.994375
0.245285 -0.935772 -0.997061
0.034396 0.658029 -0.994680
0.988021 -0.408325 -0.966253
0.984047 -0.271977 -0.982958
-0.802288 -0.228055 -0.995458
0.933217 -0.105332 -0.995728
-0.822502 -0.116374 -0.995053
0.983883 -0.168393 -0.987630
0.934227 -0.196852 -0.996239
-0.642212 0.524214 -0.995530
0.778701 0.059167 -0.995658
0.687037 -0.162173 -0.997179
0.977027 -0.434829 -0.985359
-0.541478 0.451033 -0.994852
0.750155 0.378689 -0.994177
-0.760484 -0.044026 -0.996350
0.608162 0.304468 -0.994903
0.803631 -0.030484 -0.996228
0.691485 0.187706 -0.995181
0.924883 -0.243648 -0.996679
-0.225271 -0.926315 -0.996871
0.957072 -0.221672 -0.995067
-0.840425 0.092607 -0.994386
-0.500273 -0.780672 -0.996926
0.961534 -0.377508 -0.993893
0.981842 -0.340623 -0.982474
-0.787282 -0.267402 -0.991342
-0.671180 -0.640733 -0.996111
0.989347 -0.252280 -0.973369
0.606143 0.422738 -0.994520
0.558400 -0.112487 -0.996498
0.482399 0.437035 -0.994707
-0.864798 0.116485 -0.991024
0.970382 -0.108560 -0.994004
-0.598299 0.631863 -0.995068
-0.858516 0.157944 -0.992383
0.969181 -0.298188 -0.992151
0.492030 0.406749 -0.994777
0.986309 -0.428956 -0.969808
-0.848668 -0.084760 -0.991708
0.917219 -0.113286 -0.996030
0.038888 0.461494 -0.995078
-0.849308 -0.003542 -0.993691
-0.052998 0.432613 -0.995158
-0.772835 -0.422857 -0.993108
-0.838091 -0.121597 -0.991412
-0.797427 0.443466 -0.994512
0.977605 -0.253569 -0.989369
-0.852084 -0.027311 -0.993249
0.979661 -0.239026 -0.988523
0.015375 0.027297 -0.995970
-0.815858 0.365814 -0.993353
-0.397528 -0.870341 -0.996812
0.522148 -0.985554 -0.990789
-0.630541 0.459896 -0.994594
0.320862 -0.969357 -0.997283
0.471760 -0.977284 -0.997037
0.862773 -0.058145 -0.996170
-0.500240 0.320873 -0.994904
-0.862215 0.045153 -0.991791
-0.861022 0.124844 -0.992202
-0.745968 -0.440445 -0.996030
0.338112 -0.991163 -0.981839
-0.108300 -0.937904 -0.995903
0.093052 0.225018 -0.995419
-0.677161 -0.638572 -0.995963
0.985131 -0.515712 -0.967930
-0.726197 0.306412 -0.993506
0.375461 -0.102352 -0.996119
-0.146935 0.086309 -0.995856
0.539112 -0.981611 -0.994799
0.979798 -0.402713 -0.982869
0.982947 -0.519592 -0.974557
0.457143 -0.185106 -0.996368
0.417328 -0.969599 -0.997031
0.969001 -0.518789 -0.991426
0.385557 -0.973397 -0.997229
0.972175 -0.727752 -0.973097
0.983836 -0.534586 -0.969441
0.950884 -0.261676 -0.995553
-0.437810 -0.878734 -0.996028
0.352537 0.061927 -0.995715
0.528886 -0.979551 -0.995763
-0.422274 0.177330 -0.995375
0.980354 -0.551956 -0.979310
-0.777135 0.210964 -0.992932
0.983669 -0.536559 -0.969843
0.867901 -0.271529 -0.997572
0.725025 -0.225468 -0.997631
0.977625 -0.643716 -0.980875
-0.846450 0.034373 -0.990535
0.510371 -0.976043 -0.996725
0.978311 -0.609254 -0.972707
-0.478537 0.282396 -0.994994
0.893885 -0.888854 -0.976921
-0.734540 0.533280 -0.994602
0.852522 -0.219134 -0.997349
0.926353 -0.467073 -0.997526
-0.828169 -0.036589 -0.990566
0.517252 -0.125289 -0.996420
0.365632 -0.909139 -0.995173
-0.837721 0.253895 -0.991643
-0.457941 0.261471 -0.995075
0.960324 -0.544525 -0.994739
0.977201 -0.593366 -0.969974
-0.101515 -0.939708 -0.995966
-0.848440 0.205253 -0.991287
0.666352 -0.260416 -0.997660
-0.115900 0.075920 -0.995881
0.429979 -0.059992 -0.996067
0.969308 -0.636482 -0.969531
-0.787088 -0.374073 -0.992839
-0.806107 -0.320205 -0.994241
-0.840657 0.159869 -0.990936
0.554548 -0.092075 -0.996400
-0.849262 -0.074618 -0.993159
0.681710 -0.247410 -0.997661
0.012948 -0.922398 -0.995340
0.984440 -0.450022 -0.973440
0.584202 -0.206935 -0.996983
-0.767889 0.164526 -0.992790
-0.655803 0.078438 -0.996087
0.890643 -0.402545 -0.997948
0.473597 -0.985342 -0.989265
0.028811 -0.959699 -0.996884
-0.715550 -0.548071 -0.993244
-0.648894 -0.701384 -0.995540
0.549502 -0.211232 -0.996773
-0.571874 -0.517967 -0.991541
0.518966 -0.985846 -0.990792
0.290046 -0.040737 -0.995957
-0.844406 0.254041 -0.991904
0.981684 -0.562812 -0.969291
0.260537 -0.077338 -0.996093
0.874589 -0.291920 -0.997635
0.959983 -0.667091 -0.990649
0.478211 -0.013437 -0.995984
-0.816540 0.203123 -0.992731
0.121861 -0.961062 -0.996735
-0.481984 -0.832025 -0.994682
0.456763 -0.976685 -0.997057
0.540373 -0.982153 -0.994679
0.945205 -0.469770 -0.996676
0.516192 -0.977534 -0.996679
0.956029 -0.447818 -0.995330
0.984351 -0.517092 -0.970221
-0.254685 -0.994030 -0.988965
0.961117 -0.693816 -0.971047
0.879449 -0.384533 -0.997990
0.929321 -0.521053 -0.997498
0.490299 -0.987256 -0.988822
-0.801600 -0.044845 -0.990511
-0.814483 0.263211 -0.992018
-0.814420 0.217254 -0.992213
-0.804866 0.121231 -0.991184
0.846614 -0.649132 -0.998227
0.520865 -0.159966 -0.996534
0.250726 -0.957995 -0.996590
-0.595367 -0.448255 -0.991258
0.957780 -0.439706 -0.994959
0.426166 -0.172826 -0.996309
0.442701 -0.986237 -0.988574
0.969111 -0.618862 -0.969657
0.954724 -0.731563 -0.981586
0.910621 -0.532900 -0.997917
0.361893 -0.990363 -0.985989
-0.332269 -0.035518 -0.996932
0.979044 -0.628863 -0.978467
-0.119878 -0.899018 -0.994786
-0.402698 -0.998190 -0.980006
-0.105872 0.100921 -0.995768
0.979083 -0.453071 -0.982664
-0.758763 -0.149208 -0.990605
0.337515 -0.971789 -0.997164
-0.669384 0.112362 -0.995032
0.782808 -0.847869 -0.940108
-0.142311 -0.997127 -0.833927
-0.787138 0.342172 -0.992986
-0.360459 -0.996837 -0.984293
0.881838 -0.836621 -0.968980
0.965981 -0.565238 -0.992796
-0.821926 0.211758 -0.992255
0.384172 -0.972605 -0.997217
-0.685564 0.085352 -0.995687
0.901712 -0.741767 -0.973486
-0.782709 0.247037 -0.992618
0.355219 -0.989047 -0.986784
-0.034281 -0.997858 -0.986452
-0.284362 -0.717979 -0.992526
0.132096 0.116046 -0.995621
-0.087702 -0.026759 -0.996594
0.588974 -0.277120 -0.996954
-0.710373 -0.373080 -0.991235
0.485859 -0.971481 -0.996816
-0.252719 -0.056356 -0.997388
0.535144 -0.981836 -0.994148
0.921080 -0.757182 -0.987140
-0.666401 0.113007 -0.995033
0.631356 -0.370030 -0.997276
-0.109799 -0.998904 -0.983079
0.622921 -0.280331 -0.996636
0.878771 -0.713939 -0.993723
0.267483 -0.966493 -0.996947
0.424493 -0.173121 -0.996807
0.445741 -0.951062 -0.996246
-0.262172 -0.999099 -0.933094
0.672888 -0.375201 -0.997988
0.709285 -0.327680 -0.998074
0.836654 -0.472300 -0.998416
0.294142 -0.992430 -0.990323
-0.157563 -0.998197 -0.984553
-0.316893 -0.143820 -0.168408
0.951099 -0.732702 -0.987682
-0.411622 -0.998157 -0.979875
0.973704 -0.608394 -0.970201
0.927267 -0.619081 -0.997070
-0.068388 -0.999372 -0.979577
0.297261 -0.999429 -0.986782
0.960831 -0.687977 -0.975857
0.601138 -0.184136 -0.995806
0.458202 -0.939010 -0.995742
0.944147 -0.710814 -0.976763
-0.828081 0.209554 -0.992275
0.883060 -0.736724 -0.990297
0.281211 -0.996736 -0.990916
-0.192039 -0.998535 -0.983186
-0.309733 -0.997621 -0.983649
0.319106 -0.999482 -0.987288
0.467002 -0.986169 -0.988604
-0.603833 -0.997231 -0.974420
0.951341 -0.740516 -0.986371
0.390203 -0.943768 -0.996127
0.506007 -0.827237 -0.991854
-0.364790 -0.330434 -0.991610
0.517798 -0.974363 -0.996257
0.397976 -0.989711 -0.991599
-0.367606 -0.998825 -0.977245
0.905574 -0.741174 -0.989591
0.874167 -0.721419 -0.992373
0.266106 -0.944866 -0.996139
0.906864 -0.744245 -0.977855
-0.033889 -0.412124 -0.991850
0.179677 -0.992254 -0.989342
0.471039 -0.838767 -0.993098
0.176055 -0.588570 -0.991835
0.310317 -0.989161 -0.987078
-0.123125 -0.998139 -0.907131
-0.734389 -0.133789 -0.990648
0.061544 -0.391255 -0.991887
-0.322394 -0.482701 -0.991562
0.281904 -0.106913 -0.996202
0.365185 -0.605611 -0.991491
0.517111 -0.715580 -0.990541
0.307069 0.302128 -0.791796
-0.154734 -0.996419 -0.987062
0.747646 0.003521 -0.993109
0.527300 -0.977178 -0.995830
0.539289 -0.968203 -0.995345
0.485763 -0.965601 -0.996511
0.845079 -0.673218 -0.998025
-0.414006 0.034857 -0.996677
-0.270613 -0.999118 -0.977417
0.744628 -0.473380 -0.998513
0.792305 -0.258444 -0.997795
0.375007 -0.995305 -0.994059
-0.624872 0.092603 -0.995407
-0.598106 -0.990113 -0.980311
0.915305 -0.735833 -0.989821
0.312932 0.249990 -0.823347
0.911605 -0.717022 -0.991457
-0.047969 -0.999399 -0.978978
0.336979 -0.996676 -0.992639
-0.026880 -0.075242 -0.997429
0.504623 -0.973736 -0.996693
0.509580 -0.980386 -0.995350
0.491818 -0.175699 -0.996602
-0.140497 -0.997289 -0.886928
0.467559 -0.903267 -0.994557
0.043511 -0.553474 -0.991826
0.965009 -0.531231 -0.993351
0.446756 -0.986862 -0.992366
0.813926 -0.634323 -0.997123
0.531605 0.063730 -0.849561
-0.478369 -0.996146 -0.092616
0.364353 -0.996713 -0.993902
-0.081097 -0.998804 -0.983807
0.212708 -0.998822 -0.987063
0.477653 -0.913073 -0.993903
0.826388 -0.007957 -0.990790
0.804157 -0.593872 -0.994950
0.842456 -0.743244 -0.990446
0.853928 -0.804434 -0.977308
-0.670796 0.380299 -0.801706
0.928844 -0.717661 -0.975831
0.393498 -0.992396 -0.993486
0.506147 -0.983987 -0.990703
0.498562 -0.969985 -0.996551
0.768979 -0.041283 -0.993483
0.643966 -0.352952 -0.997543
0.468702 -0.752357 -0.991899
0.360562 -0.997308 -0.995438
0.441941 -0.546098 -0.990559
0.279456 -0.998536 -0.989211
0.403405 -0.995250 -0.995400
0.038837 0.008897 -0.996186
0.664263 -0.380470 -0.997929
0.824405 -0.672550 -0.995381
0.549422 -0.871336 -0.992632
0.518210 -0.981407 -0.992742
0.637443 -0.294208 -0.996483
-0.285609 -0.996512 -0.766722
-0.545786 0.674116 -0.928407
0.120163 -0.999374 -0.977707
0.461609 -0.217541 -0.903023
0.500286 -0.340598 -0.989717
0.015544 -0.998706 -0.985144
0.498768 -0.967179 -0.994683
0.361746 -0.160306 -0.997071
-0.102096 -0.999320 -0.979920
0.505545 -0.971367 -0.994340
0.251600 -0.186014 -0.992749
0.883871 -0.691422 -0.996781
0.460434 -0.163899 -0.996350
0.344813 -0.999519 -0.990303
0.638789 -0.450827 -0.997914
-0.393039 -0.994534 -0.054942
-0.204648 -0.991830 -0.171575
0.961489 -0.691445 -0.976412
-0.383752 -0.986103 0.937948
-0.387267 -0.996659 -0.454101
-0.132030 -0.999177 -0.981177
0.463213 -0.985221 -0.991543
0.303775 -0.999253 -0.987573
0.953185 -0.740718 -0.984187
0.844178 -0.134398 -0.977892
-0.378139 -0.994771 -0.164200
-0.356294 -0.099036 -0.993069
-0.748976 0.506633 -0.574682
0.177960 -0.001289 -0.995668
0.703668 -0.195402 -0.920939
-0.021527 -0.997471 -0.901796
-0.135161 -0.997287 -0.863990
0.877784 -0.315263 -0.992469
-0.145821 -0.998227 -0.902001
0.850057 -0.071338 -0.979565
0.552969 -0.971482 -0.996111
0.783959 -0.114669 -0.963871
0.654722 -0.440957 -0.997684
-0.418587 -0.959995 0.953036
0.799910 -0.666538 -0.997759
-0.363929 -0.969670 0.831002
0.661925 -0.373668 -0.997869
-0.685736 0.757214 -0.935705
0.813964 -0.789851 -0.990146
-0.705575 0.836094 -0.744808
-0.392366 -0.953575 0.931363
0.008128 -0.998917 -0.960891
0.187947 -0.999155 -0.978192
0.799658 -0.166809 -0.980109
0.799897 -0.364654 -0.980979
0.830878 -0.803571 -0.983751
0.794932 -0.241927 -0.993986
-0.730806 0.654213 -0.872916
0.368385 -0.997181 -0.995429
-0.388476 -0.992793 -0.686831
0.243072 -0.998803 -0.987659
0.456960 -0.266786 -0.990823
-0.910933 0.744955 -0.874901
-0.884642 0.740751 -0.911183
-0.832944 0.824844 -0.871829
0.205088 -0.998298 -0.995366
-0.684285 -0.696601 0.997783
-0.444743 -0.996211 -0.369949
0.536666 -0.210745 -0.747609
-0.444929 -0.996389 -0.142481
0.812738 -0.267478 -0.981707
-0.645849 0.812985 -0.911225
0.913064 -0.871070 0.959122
0.334456 -0.941642 0.964323
0.866782 -0.808648 -0.983195
-0.390334 -0.996163 -0.545847
0.461801 -0.800895 -0.992708
0.440874 -0.014225 -0.995080
-0.626396 0.313441 -0.783873
-0.419182 -0.994491 0.724417
0.910089 -0.843164 0.962916
-0.356152 -0.999112 -0.951291
0.395282 -0.996166 -0.995622
-0.443141 0.055418 -0.995747
-0.865919 0.758050 -0.917824
0.924617 -0.760121 -0.984411
0.386589 -0.987258 -0.996880
-0.073658 -0.926823 0.989500
-0.158185 -0.997123 -0.865064
-0.932096 0.991608 0.946173
-0.710083 0.663306 -0.923781
0.316243 -0.583105 -0.991569
-0.417470 -0.967435 0.910073
-0.316127 -0.917944 0.980414
-0.096819 -0.944724 0.987219
-0.359472 -0.995938 0.633560
0.052143 -0.979532 0.984514
0.235027 -0.914388 0.979302
0.317430 -0.998247 -0.994475
0.183775 -0.997528 -0.995179
-0.286529 -0.995213 0.825472
0.286794 -0.997464 -0.997072
-0.123662 -0.998389 -0.920086
-0.727576 0.987409 0.999506
0.863830 -0.158756 -0.979630
-0.026780 -0.967327 0.975081
0.656693 -0.388920 -0.985491
-0.070414 -0.956429 0.987664
0.155676 0.337643 -0.815278
0.822347 -0.566477 -0.993911
0.110621 -0.959149 0.983090
-0.404476 -0.944189 0.972337
0.816080 -0.766987 -0.990920
0.677836 -0.487252 -0.980489
0.862910 -0.987576 -0.837453
0.898434 -0.844693 0.960413
-0.316266 -0.937110 0.983396
0.833971 -0.761399 0.904177
0.607083 -0.967565 0.975288
-0.431894 -0.974894 0.933510
0.292093 -0.877263 0.981747
-0.373105 -0.995011 0.513845
0.043104 -0.998671 -0.958719
-0.198140 -0.985426 0.188659
0.291314 -0.998572 -0.992554
0.862780 0.936947 0.999327
-0.213769 -0.990076 0.965792
0.802720 -0.050258 -0.986421
-0.890301 0.995989 0.998945
-0.002806 -0.933226 0.989690
0.367756 -0.604879 0.989845
-0.394388 -0.990924 0.772280
-0.362850 -0.988002 0.678565
-0.317063 -0.992677 0.906492
0.852474 -0.760590 -0.989857
0.369692 0.174924 0.874428
-0.005006 -0.997897 -0.933645
0.549728 -0.960009 0.969173
0.330612 -0.999531 -0.987636
0.056106 -0.636146 0.996447
0.194951 -0.998172 -0.994380
-0.311756 -0.996750 -0.719571
-0.370749 -0.984781 0.950186
0.265432 -0.998821 -0.992460
0.883714 -0.883809 0.963355
0.084188 -0.922324 0.990477
-0.293071 -0.995466 0.793199
-0.316632 -0.014676 0.998679
-0.076290 -0.949332 0.971891
0.318207 -0.998778 -0.992995
0.673768 -0.955464 0.976735
0.827197 -0.848109 0.958998
-0.405171 -0.996231 -0.523648
0.199125 -0.976756 0.982106
0.918713 -0.692907 -0.947736
0.041793 -0.999435 -0.977907
0.519169 -0.875888 0.955436
0.855574 -0.070891 -0.976673
0.037423 -0.929076 0.990029
0.378849 -0.578169 0.989305
0.251272 -0.998025 -0.988691
-0.497840 0.627956 -0.717565
0.049273 0.983502 -0.961171
-0.255473 0.990316 -0.590675
0.284746 -0.866042 0.963703
0.334439 -0.866680 0.943881
0.236147 -0.870541 0.956988
0.247643 -0.869559 0.963770
0.220186 -0.878426 0.938461
0.131188 -0.878142 0.950910
0.159763 -0.874582 0.960581
0.332932 -0.859675 0.966851
0.298492 -0.865079 0.959606
-0.068091 -0.889874 0.958359
-0.068137 -0.887160 0.960617
0.028262 -0.878908 0.966738
0.289367 -0.866609 0.974787
-0.002272 -0.892227 0.950749
0.409657 -0.844680 0.971183
0.255094 -0.869799 0.969827
0.312854 -0.864821 0.979333
-0.194429 -0.944121 0.927348
-0.102137 -0.913412 0.946558
0.328859 -0.863232 0.979823
0.396193 -0.840497 0.977697
0.150246 -0.878133 0.971688
0.138212 -0.877411 0.969574
0.222862 -0.876914 0.976661
0.319540 -0.862836 0.978762
0.312296 -0.862993 0.976369
-0.125230 -0.884737 0.972892
0.137649 -0.880319 0.946580
0.340308 -0.859397 0.979942
0.311704 -0.867855 0.980673
-0.300765 -0.942451 0.948281
0.263222 -0.876433 0.980889
0.329183 -0.859432 0.975591
0.286308 -0.873458 0.981155
0.239178 -0.876955 0.978714
0.246600 -0.893090 0.983967
0.179526 -0.881020 0.977036
0.215802 -0.898957 0.985854
0.273254 -0.868248 0.954287
0.200067 -0.882183 0.979361
0.294670 -0.862693 0.975736
0.278727 -0.870399 0.978278
0.162537 -0.891962 0.983104
0.168186 -0.877225 0.971439
0.173821 -0.896342 0.984958
0.060229 -0.877988 0.964928
0.331594 -0.859002 0.976182
0.249370 -0.901050 0.982614
-0.320252 -0.911588 0.977112
0.216109 -0.878857 0.977922
0.283721 -0.882988 0.978621
0.245553 -0.879756 0.981273
-0.141647 -0.932810 0.987165
0.245579 -0.913798 0.973497
0.311225 -0.864980 0.979173
0.329796 -0.862274 0.980052
0.190499 -0.919948 0.986444
0.218697 -0.894519 0.985155
0.224845 -0.888435 0.983738
0.238110 -0.918174 0.974910
0.183669 -0.933147 0.983935
0.360551 -0.852202 0.978915
0.385478 -0.846098 0.976356
0.123447 -0.877123 0.967837
0.267023 -0.890845 0.969981
0.310312 -0.762965 0.965083
0.274019 -0.872233 0.970610
0.258874 -0.907603 0.970584
0.329496 -0.840899 0.976363
0.221375 -0.911470 0.984306
0.314662 -0.868671 0.979570
0.199076 -0.914046 0.986580
0.407125 -0.828975 0.956348
0.199682 -0.912135 0.986798
0.313581 -0.870198 0.980862
0.348399 -0.843638 0.977892
0.146449 -0.941912 0.986245
0.311372 -0.711184 0.961270
0.302341 -0.812041 0.961524
0.272060 -0.890012 0.978369
0.002649 -0.879884 0.969498
0.232660 -0.927484 0.974378
0.215705 -0.929686 0.978138
0.186429 -0.921589 0.986557
0.242865 -0.919782 0.973137
0.203666 -0.929089 0.981567
0.244146 -0.898547 0.983792
0.307777 -0.895347 0.962981
-0.185657 -0.987135 0.974624
0.095316 -0.916194 0.988019
0.333388 -0.801278 0.958213
0.218079 -0.930363 0.977293
0.230888 -0.932918 0.974136
0.253816 -0.934831 0.970749
0.341357 -0.894317 0.960282
0.206829 -0.917318 0.984977
0.336086 -0.859477 0.959404
0.306860 -0.863002 0.977451
0.188093 -0.929291 0.984401
0.205477 -0.922687 0.983641
0.179258 -0.927237 0.986096
0.301844 -0.826972 0.961841
0.292599 -0.872446 0.977353
0.571430 -0.942009 0.957155
0.094056 -0.929574 0.989761
0.385903 -0.845458 0.957147
0.338912 -0.592909 0.950785
0.072977 -0.881111 0.973616
0.226065 -0.916155 0.981791
0.216142 -0.955537 0.979635
0.232866 -0.911043 0.982417
0.249693 -0.904913 0.976814
0.210591 -0.943283 0.977059
0.271441 -0.890443 0.981909
0.275287 -0.880355 0.968110
0.268155 -0.911794 0.968552
0.185944 -0.908150 0.988000
0.281928 -0.871070 0.974920
0.645749 -0.716894 0.940651
0.478371 -0.701255 0.948336
0.531931 -0.016058 0.882522
0.387239 -0.958052 0.964741
0.252989 -0.941313 0.971304
0.247160 -0.904941 0.981506
0.495878 -0.912495 0.956507
0.464723 -0.939787 0.957496
0.697984 -0.351265 0.912913
0.295013 -0.810061 0.964236
0.388987 -0.929796 0.959760
0.451006 -0.905648 0.956855
0.521293 -0.964699 0.958941
0.365975 -0.906383 0.959476
0.381801 -0.962090 0.966977
0.471982 -0.863761 0.955938
0.441886 -0.875163 0.956581
0.578483 -0.519365 0.932915
0.335715 -0.538478 0.948447
0.386788 -0.865748 0.957491
0.308037 -0.806871 0.960509
0.649344 -0.935104 0.958975
0.381291 -0.943453 0.961634
0.362325 -0.897160 0.959255
0.503152 -0.784586 0.951533
0.684106 -0.323627 0.911288
0.345161 0.036401 0.725128
0.523351 -0.940040 0.956669
0.734389 -0.445425 0.919733
0.357173 -0.154578 0.918137
0.236502 0.116613 0.508575
0.450131 -0.839005 0.955683
0.323299 -0.775309 0.958311
0.748641 -0.473276 0.917860
0.602560 -0.204923 0.878436
0.217901 -0.962450 0.979624
0.545349 -0.763554 0.948435
0.250987 -0.954888 0.975085
0.577134 -0.392304 0.924882
0.521041 -0.957996 0.957615
0.659636 -0.277173 0.899116
0.543002 -0.356893 0.924264
0.315860 -0.728306 0.957953
0.685283 -0.324117 0.910888
0.748009 -0.597294 0.909170
0.432623 -0.764150 0.953454
0.363256 -0.899259 0.959295
0.264193 -0.891032 0.971277
0.404650 -0.635623 0.948677
0.518629 -0.042842 0.894428
0.326575 -0.636577 0.953917
0.674812 -0.941692 0.962960
0.388015 -0.841782 0.957029
0.368653 -0.642704 0.951033
0.313032 0.380793 0.805919
0.625112 -0.429613 0.897877
0.623776 -0.927288 0.957163
0.688204 -0.803213 0.944219
0.645884 -0.479068 0.892051
0.257085 -0.434171 0.894099
0.466636 -0.944225 0.957720
0.776454 -0.662795 0.923910
0.404096 -0.787536 0.955322
0.562622 -0.472044 0.886553
0.633546 -0.838015 0.948997
0.517423 -0.128942 0.906035
0.083598 -0.922279 0.990458
0.302462 0.023325 0.666849
0.747353 -0.563047 0.909577
0.583619 -0.399317 0.863992
0.550093 -0.395230 0.850501
0.466482 -0.708354 0.949282
0.362011 -0.177466 0.919915
0.388362 -0.368660 0.933749
0.664454 -0.629730 0.863007
0.612879 -0.458083 0.927373
0.351899 -0.430954 0.885262
0.757206 -0.564414 0.924686
0.017076 -0.429556 0.906019
0.515507 -0.469241 0.890910
0.568666 -0.905193 0.955822
-0.093774 -0.447157 0.882553
0.691000 -0.414713 0.902802
0.437832 -0.365123 0.800226
0.516056 -0.759581 0.949617
0.336425 -0.448997 0.943646
0.707120 -0.377621 0.909018
0.686741 -0.416870 0.901783
0.141332 0.714310 0.550033
0.537204 -0.050506 0.866906
0.785982 -0.830431 0.949834
0.420039 -0.456862 0.893949
0.234535 -0.434398 0.890274
0.689617 -0.891589 0.954549
0.753423 -0.544199 0.912487
0.581779 -0.425261 0.894863
0.470740 -0.596466 0.943086
0.800705 -0.712603 0.822554
0.440585 -0.933026 0.957872
0.171884 -0.342140 0.724521
0.703406 -0.388586 0.906526
0.377927 0.109464 0.884973
0.370374 -0.440240 0.897242
0.459140 -0.426065 0.894031
0.680372 -0.310784 0.908753
0.610932 -0.166304 0.895239
0.549205 -0.486533 0.882425
0.652379 -0.437197 0.899123
0.621591 -0.429119 0.882079
0.592139 -0.130065 0.888858
0.132026 -0.420232 0.600068
0.389115 -0.183668 0.739538
0.668198 -0.416878 0.896141
0.692779 -0.426278 0.904607
0.526849 -0.218264 0.837343
0.612497 -0.201662 0.884409
0.500138 -0.430740 0.894061
0.622242 -0.523229 0.762671
0.765340 -0.600836 0.916593
0.571036 -0.469585 0.887853
-0.005148 -0.413581 0.844888
0.441383 -0.283423 0.789238
0.734659 -0.434370 0.918011
0.472020 -0.476044 0.886577
0.312571 -0.453992 0.884537
0.467705 0.048430 0.839994
0.686800 -0.601029 0.795470
0.134423 -0.521748 0.876516
0.402092 -0.131912 0.761953
0.783311 -0.715344 0.864047
0.592980 -0.478199 0.743742
0.248091 -0.431237 0.891626
0.415572 -0.023477 0.707022
0.462401 -0.417268 0.891711
-0.074849 -0.506819 0.863841
0.662186 -0.292466 0.897899
0.714090 -0.669327 0.872062
0.179106 -0.432051 0.897254
0.594398 -0.448823 0.895380
0.645287 -0.544364 0.764200
0.413869 -0.551375 0.857742
0.340188 -0.443690 0.884573
0.108608 -0.417771 0.904496
0.286938 0.046748 0.680331
0.617443 -0.452820 0.893869
0.314332 -0.461730 0.859408
0.673564 -0.613229 0.823826
0.091995 -0.381598 0.769147
0.300424 -0.452485 0.883247
0.387596 -0.455379 0.832131
0.807793 -0.727164 0.829152
0.010653 -0.404568 0.806232
0.196398 -0.404134 0.899759
0.396705 -0.392646 0.754233
0.050084 -0.493619 0.894792
0.020775 -0.501352 0.890765
0.219941 -0.439354 0.893212
0.067034 -0.417058 0.906670
0.409631 -0.414299 0.892998
-0.032671 -0.421301 0.777623
0.142493 -0.404596 0.904275
0.213423 -0.427079 0.822641
0.686208 -0.583905 0.765421
0.383626 -0.496409 0.878883
0.172417 -0.415532 0.900229
0.528210 -0.478709 0.882880
0.348559 0.098057 0.741366
0.479024 -0.352698 0.731667
0.703304 -0.642325 0.845121
0.531866 -0.460801 0.893149
0.740119 -0.694095 0.891419
-0.074147 -0.428094 0.828366
0.290724 -0.449855 0.837350
0.707976 -0.641188 0.819163
0.453135 -0.059065 0.736826
0.400488 -0.501475 0.877907
0.777298 -0.749872 0.920888
0.346304 -0.403160 0.757609
0.122215 -0.423066 0.872048
0.463199 -0.317588 0.722042
0.733357 -0.638723 0.772888
0.109204 -0.449958 0.900747
0.612869 -0.056826 0.747732
-0.133698 -0.455292 0.783370
0.676375 -0.577996 0.748594
0.430986 -0.031445 0.711774
0.630573 -0.045691 0.744796
0.416010 -0.435552 0.820825
0.369487 0.029013 0.663594
0.714823 -0.424627 0.908866
0.401842 -0.174294 0.746903
0.634126 -0.605054 0.841431
-0.025029 -0.464383 0.901162
0.362301 -0.445046 0.216715
0.169162 -0.523899 0.875815
0.004763 -0.419462 0.891473
0.397312 0.076654 0.556739
0.107996 -0.405629 0.906167
0.532268 -0.437414 0.894640
-0.066399 -0.425214 0.829876
0.336659 -0.442621 0.896021
0.144440 0.148858 0.612809
0.212777 0.027025 0.667289
0.177006 -0.118373 0.678279
0.211362 -0.509742 0.884516
0.356179 -0.457725 0.779575
0.212325 -0.519192 0.839373
-0.034666 -0.453053 0.762480
0.507352 -0.382182 0.714144
0.372479 -0.442431 0.896871
-0.132589 -0.458686 0.848966
0.144679 -0.472640 0.788499
0.243281 -0.436474 0.889630
0.447351 -0.160121 0.764943
0.563477 -0.070653 0.697447
-0.054247 -0.509513 0.861787
0.378760 -0.025226 0.714042
-0.004027 -0.464227 0.902026
0.140689 0.138744 0.613141
-0.081838 -0.440930 0.883433
0.015714 -0.449404 0.904451
0.528602 -0.537502 0.807035
0.126773 -0.468284 0.784207
0.368550 -0.365843 0.746672
0.208534 -0.167120 0.692383
-0.074136 -0.480079 0.891893
0.148570 0.099267 0.634503
0.388292 -0.540486 0.839378
0.249928 -0.531399 0.870070
0.593931 -0.484384 0.749562
0.248585 -0.311078 0.725308
0.333365 0.087602 0.616444
0.754437 -0.046972 0.583829
0.443895 0.002889 0.612632
0.715162 -0.050349 0.625334
0.571000 -0.574991 0.829250
0.516960 -0.026255 0.549584
0.744443 0.000055 0.601588
0.281126 -0.305477 0.727461
0.753151 -0.119928 0.574520
0.137976 0.107685 0.624500
0.160518 0.178609 0.611027
0.609934 -0.120523 0.598051
0.051747 -0.413263 0.903566
0.083488 -0.501496 0.891513
0.261924 -0.531330 0.871332
0.156520 -0.409332 0.903362
0.167471 -0.352826 0.725360
0.679041 -0.121903 0.617308
-0.067139 -0.508001 0.856833
0.167444 0.179840 0.585826
-0.022981 -0.451220 0.761316
0.723743 -0.166380 0.576999
0.617410 -0.125504 0.572407
0.642088 -0.117515 0.484146
-0.248676 0.371469 0.995854
0.188013 0.150645 0.570251
0.274500 -0.046977 0.684906
0.129288 -0.172676 0.674408
0.288630 0.152052 0.541750
0.306812 -0.092597 0.695315
0.462274 0.034607 0.508774
0.742300 -0.653614 0.817168
-0.044213 -0.510508 0.863698
0.187964 0.173984 0.623750
0.430900 -0.552761 0.860439
0.797692 -0.184259 0.523765
0.772050 0.023891 0.567613
0.484781 -0.452257 0.768477
-0.014507 -0.506575 0.883664
0.232206 0.108337 0.551484
0.636259 0.151701 0.627815
0.825160 -0.055093 0.508115
0.375410 -0.462261 0.781333
0.811008 0.046857 0.515390
0.734608 0.378102 0.567833
0.126764 0.075286 0.598467
0.157968 0.118184 0.581763
0.167632 0.122144 0.639024
0.039405 -0.415031 0.902885
0.031051 -0.435877 0.905817
0.034975 -0.257502 0.663777
0.174035 0.130533 0.639822
0.031420 -0.152015 0.572997
0.717047 0.005188 0.641429
0.133835 -0.011646 0.647610
0.270511 -0.502845 0.883166
0.199105 0.201399 0.584250
0.557588 -0.083073 0.630798
0.098118 -0.276239 0.689282
0.263187 0.166355 0.548643
-0.139987 -0.487916 0.809367
0.813966 0.076603 0.508580
0.024401 -0.423722 0.716441
0.429247 -0.034608 0.715929
0.538665 -0.062888 0.578643
0.243996 -0.434319 0.765525
0.777684 -0.218688 0.525078
-0.119237 -0.404734 0.661732
0.764647 0.307252 0.525325
0.221810 0.189804 0.563847
0.781232 0.060648 0.554671
-0.126561 -0.450945 0.772500
0.440068 -0.003315 0.637606
0.173430 -0.440433 0.764267
0.752707 0.372867 0.486090
0.660390 -0.028407 0.713962
0.226508 0.192512 0.564818
0.744075 -0.215711 0.505076
0.678691 -0.165005 0.576169
0.477969 -0.345026 0.728674
0.671189 -0.144440 0.462010
0.276689 0.110959 0.538479
0.472362 0.179132 0.738261
0.780656 -0.100291 0.553685
0.586267 -0.091365 0.652469
0.622031 -0.528959 0.768032
0.097890 -0.025546 0.625528
0.298481 0.157870 0.545781
0.559399 -0.071797 0.560697
0.809053 0.118740 0.504313
0.474568 -0.016071 0.597116
0.513168 -0.017566 0.478514
0.721210 -0.198050 0.515612
0.695987 -0.178502 0.527135
0.662760 0.141921 0.607494
0.308477 0.072476 0.525184
-0.655374 0.572997 0.995431
0.079176 -0.063976 0.618663
0.348375 0.124997 0.536167
0.077895 -0.411690 0.736903
0.275587 -0.096411 0.691553
0.204481 -0.302793 0.717415
0.181870 0.197842 0.585056
0.566363 0.114728 0.798217
0.073209 -0.253283 0.675790
0.561474 -0.074605 0.562418
-0.211616 -0.334702 0.604833
0.717043 -0.190699 0.557706
0.767658 -0.180343 0.550794
0.271663 0.150965 0.544184
-0.064284 -0.403771 0.707949
0.783203 -0.086206 0.552213
0.818001 0.049815 0.508285
0.488130 0.014000 0.527164
0.343135 0.122639 0.557691
0.729291 0.097098 0.640924
0.824978 -0.060473 0.509587
0.784027 0.068416 0.526775
0.661507 0.037007 0.620517
0.647644 0.123485 0.615269
0.296050 0.132922 0.596124
0.768915 0.269517 0.535596
0.807461 -0.187895 0.509672
0.691417 -0.178532 0.400694
0.739554 -0.204625 0.545995
0.639093 -0.141704 0.571529
0.817103 0.016388 0.513280
0.560606 -0.105647 0.392818
0.428122 0.064937 0.522383
-0.005272 -0.422134 0.733031
0.081596 -0.436904 0.754510
0.108951 -0.091008 0.650762
0.705647 -0.038553 0.641052
0.613766 -0.123967 0.580928
0.385459 0.059468 0.506899
0.389337 0.399864 0.678986
0.820240 -0.104475 0.507989
0.290023 0.348964 0.727649
0.751173 -0.217450 0.527724
0.006999 -0.417928 0.731191
-0.088533 -0.258533 0.587909
0.243600 0.157782 0.551715
0.268996 0.174371 0.552425
0.746829 -0.216941 0.486208
0.823122 -0.058629 0.515140
0.779991 0.272032 0.487753
0.344251 0.127415 0.536035
-0.508699 0.571037 0.984274
0.497232 -0.003261 0.542537
0.763988 -0.137389 0.563314
0.799113 0.175127 0.502803
0.670765 -0.158956 0.581141
0.464104 0.295043 0.683761
0.664866 -0.144236 0.599450
0.823748 -0.116626 0.507628
0.375834 0.403640 0.680704
0.255001 0.183658 0.563614
0.644354 0.071373 0.624525
0.823180 -0.160493 0.488786
0.489521 0.006151 0.539033
0.704414 0.214011 0.698293
0.100674 0.448584 0.768164
0.212082 -0.491149 0.805166
-0.651881 0.531615 0.990720
0.696885 -0.169984 0.577442
0.763299 -0.234962 0.424422
0.711407 -0.180773 0.568589
0.701956 -0.270780 0.644467
-0.068564 -0.391206 0.696849
0.756778 -0.227496 0.432508
0.020524 0.492785 0.787862
0.270298 -0.467315 0.785021
0.624934 -0.105275 0.455879
0.112734 -0.043806 0.574497
0.321031 0.047213 0.517708
0.533373 -0.044315 0.554122
0.581696 -0.180264 0.335936
0.791955 -0.245394 0.470464
0.619145 -0.412490 0.546300
0.774009 -0.218930 0.593584
0.726237 -0.196665 0.457184
0.814853 -0.068286 0.532451
0.628229 0.120827 0.626663
0.250989 -0.208178 0.482975
0.720632 -0.193800 0.491799
0.603306 -0.086470 0.462157
0.741553 -0.343019 0.495290
0.360995 0.063719 0.511187
0.739506 -0.300793 0.610136
0.782193 -0.244374 0.456943
0.789651 -0.083074 0.565227
0.755832 -0.184533 0.556096
0.753302 -0.039984 0.579996
0.807592 -0.162356 0.516858
0.353715 0.088186 0.519082
0.385773 0.413714 0.677859
0.332787 -0.280798 0.432560
0.634741 0.034628 0.641445
0.298939 0.655788 0.705346
0.239331 0.600609 0.735482
-0.736384 0.002428 0.998817
0.788048 -0.274463 0.507438
0.742245 0.130761 0.528485
0.386276 0.385187 0.682369
-0.129733 0.487930 0.845076
-0.548977 0.568201 0.981088
0.718832 -0.325726 0.395485
0.792719 -0.222772 0.510154
-0.342354 -0.099277 0.192508
0.354847 0.087015 0.518633
0.813167 0.090427 0.505625
0.789563 -0.249414 0.447243
0.731178 -0.178865 0.628182
-0.484292 0.519207 0.939855
0.795715 -0.112171 0.537875
0.665159 -0.334286 0.375023
0.430269 0.030597 0.493028
0.747160 -0.217147 0.521121
-0.372203 0.527524 0.918200
0.593751 -0.414365 0.496680
0.722833 -0.193390 0.461998
-0.685712 0.275659 0.977167
0.710490 -0.275185 0.350859
0.807475 -0.248691 0.437471
-0.054684 -0.227669 0.540149
-0.643416 -0.992473 -0.987179
-0.652498 -0.992189 -0.986062
-0.636571 -0.993422 -0.985688
-0.655955 -0.992892 -0.983251
-0.641179 -0.992864 -0.986604
-0.645117 -0.992592 -0.986696
-0.615482 -0.993620 -0.986757
-0.649775 -0.992656 -0.980579
-0.543554 -0.994016 -0.988842
-0.293594 -0.995339 -0.990473
-0.615503 -0.993225 -0.987971
-0.591346 -0.993250 -0.989616
-0.607495 -0.993259 -0.988443
-0.489429 -0.994340 -0.988410
-0.527614 -0.994135 -0.988797
-0.324891 -0.994834 -0.989885
-0.425124 -0.994501 -0.989329
-0.617480 -0.993010 -0.988446
-0.568966 -0.993969 -0.987870
-0.632801 -0.992683 -0.987934
-0.352918 -0.994886 -0.990075
-0.520331 -0.994060 -0.990698
-0.207470 -0.995485 -0.990171
-0.561312 -0.993850 -0.988873
-0.374098 -0.994809 -0.990027
-0.266750 -0.994685 -0.989663
-0.653758 -0.993138 -0.980601
-0.494867 -0.994389 -0.987885
-0.140260 -0.995658 -0.989927
-0.361486 -0.994865 -0.990079
-0.380799 -0.994708 -0.989813
-0.576444 -0.993768 -0.988423
-0.604352 -0.993174 -0.988945
-0.169142 -0.995584 -0.990048
-0.328527 -0.995260 -0.990612
-0.626868 -0.993570 -0.986110
-0.116154 -0.994429 -0.989409
-0.121835 -0.995199 -0.989662
-0.464847 -0.994446 -0.989766
-0.256376 -0.994761 -0.989731
0.103431 -0.994841 -0.986835
-0.616327 -0.993131 -0.988189
-0.438902 -0.994698 -0.990601
-0.551966 -0.993894 -0.989196
-0.146917 -0.994795 -0.989609
-0.591864 -0.993689 -0.987905
-0.653380 -0.992827 -0.984610
0.025488 -0.995237 -0.988386
0.072499 -0.993283 -0.988015
-0.020707 -0.993243 -0.988814
-0.241977 -0.996114 -0.991150
-0.354423 -0.995064 -0.990452
0.034375 -0.995176 -0.988257
0.019684 -0.994247 -0.988558
0.078704 -0.994163 -0.987800
-0.088938 -0.994323 -0.989296
-0.029129 -0.995990 -0.989045
-0.318097 -0.994758 -0.989760
-0.464997 -0.994442 -0.989737
-0.188193 -0.994271 -0.989422
0.002678 -0.995600 -0.988657
0.434365 -0.989031 -0.984455
0.042693 -0.994820 -0.988212
0.206657 -0.993340 -0.985464
0.123800 -0.993924 -0.987065
-0.267267 -0.994437 -0.989415
-0.079759 -0.995187 -0.989436
-0.454731 -0.994454 -0.989489
-0.268479 -0.995404 -0.990402
0.103957 -0.994401 -0.987208
0.001306 -0.993730 -0.988706
0.010093 -0.994775 -0.988650
0.477753 -0.987737 -0.986745
0.502188 -0.975540 -0.996302
0.311585 -0.991621 -0.985471
0.362789 -0.991302 -0.983653
0.117772 -0.994566 -0.986671
0.529088 -0.980937 -0.990004
0.022165 -0.994676 -0.988514
0.254784 -0.992841 -0.984772
0.057233 -0.995034 -0.987888
0.340067 -0.991031 -0.981067
-0.018961 -0.995566 -0.988946
0.126072 -0.995082 -0.985364
0.293937 -0.992321 -0.983269
0.470550 -0.987167 -0.985776
-0.001154 -0.995392 -0.988740
0.236798 -0.993123 -0.984529
0.434332 -0.989670 -0.985017
-0.462138 -0.994394 -0.988568
0.297948 -0.992278 -0.983359
0.313801 -0.992039 -0.983318
0.052144 -0.995640 -0.987673
0.186406 -0.993229 -0.986207
0.196618 -0.993884 -0.983611
0.416811 -0.989342 -0.983661
-0.087897 -0.996454 -0.989770
-0.062499 -0.995081 -0.989307
0.099348 -0.995257 -0.986465
0.339278 -0.991788 -0.984752
0.109155 -0.994859 -0.986611
0.544080 -0.967627 -0.994420
0.514115 -0.984772 -0.989305
0.264132 -0.992774 -0.983619
0.180631 -0.993499 -0.986054
0.548055 -0.969833 -0.993764
0.223009 -0.993420 -0.983286
-0.105285 -0.993190 -0.989039
0.436373 -0.988466 -0.984088
0.509774 -0.972536 -0.995932
0.485263 -0.960519 -0.996357
-0.165826 -0.994869 -0.989686
-0.147967 -0.995623 -0.989955
-0.070970 -0.994046 -0.989169
0.414926 -0.957202 -0.996868
-0.097647 -0.949927 -0.996800
-0.284675 -0.995105 -0.990129
0.470755 -0.977123 -0.996975
0.162536 -0.994041 -0.985770
0.239309 -0.993035 -0.984847
0.495336 -0.984527 -0.986478
-0.100837 -0.994751 -0.989444
0.215930 -0.941418 -0.997128
0.441924 -0.966126 -0.996822
0.166170 -0.924971 -0.997082
-0.054489 -0.993026 -0.988935
0.492980 -0.986463 -0.987511
-0.821620 -0.259392 -0.993471
-0.649745 -0.688896 -0.994406
0.286331 -0.964654 -0.997269
0.315780 -0.969126 -0.997286
0.459708 -0.987854 -0.985341
0.368703 -0.990633 -0.982672
0.306532 -0.992254 -0.984006
0.035804 -0.995288 -0.988199
0.547666 -0.977776 -0.987872
0.200222 -0.993208 -0.985893
0.463587 -0.958123 -0.996572
0.551151 -0.970628 -0.993233
-0.768146 -0.431355 -0.993024
0.417161 -0.990135 -0.984510
0.600080 -0.949319 -0.993687
0.451342 -0.957726 -0.996664
0.259709 -0.992591 -0.985251
0.498431 -0.985170 -0.987423
0.543542 -0.975595 -0.992578
0.527776 -0.983471 -0.991142
-0.581314 -0.782567 -0.995697
-0.526567 -0.787004 -0.996735
0.464226 -0.970504 -0.996710
0.409760 -0.990665 -0.984950
0.178716 -0.993435 -0.986183
-0.028627 -0.944030 -0.997135
-0.612421 -0.749886 -0.995487
0.932846 -0.148977 -0.996020
-0.500420 0.459600 -0.995605
0.552670 -0.970711 -0.993016
0.491445 -0.946043 -0.996289
0.973918 0.654558 -0.337550
0.974367 0.604502 -0.283230
0.973889 0.610655 -0.298973
0.974792 0.612496 -0.285620
0.971997 0.641322 -0.355848
0.975269 0.639082 -0.307317
0.973534 0.637399 -0.330753
0.972109 0.584693 -0.302624
0.974799 0.552263 -0.199981
0.973565 0.628756 -0.322950
0.973699 0.629109 -0.321163
0.976150 0.584935 -0.225886
0.972139 0.592176 -0.310981
0.976329 0.610792 -0.258764
0.974123 0.615396 -0.300271
0.973945 0.644808 -0.330648
0.974653 0.609255 -0.284066
0.973918 0.506072 -0.139363
0.973361 0.563120 -0.246245
0.972245 0.650063 -0.355593
0.977282 0.527320 -0.124619
0.974723 0.655311 -0.328384
0.972724 0.666963 -0.349177
0.976845 0.565516 -0.186626
0.971857 0.643093 -0.358639
0.976024 0.585512 -0.228771
0.972101 0.382007 0.050126
0.972268 0.585977 -0.300858
0.976539 0.567242 -0.193588
0.972806 0.554214 -0.244888
0.976198 0.565601 -0.196323
0.976105 0.608893 -0.259728
0.974161 0.423747 0.003794
0.971323 0.550559 -0.274184
0.975129 0.525982 -0.150869
0.972098 0.427185 -0.029491
0.969821 0.256104 0.213037
0.975480 0.607709 -0.268225
0.971652 0.571317 -0.295560
0.971799 0.340432 0.110255
0.976235 0.512740 -0.113282
0.973497 0.480094 -0.101090
0.973056 0.643593 -0.341983
0.977243 0.536588 -0.138565
0.968983 0.255829 0.213423
0.974176 0.396420 0.043182
0.969823 0.407662 -0.040441
0.974577 0.597524 -0.270602
0.972663 0.417682 -0.003063
0.971645 0.373408 0.059385
0.974052 0.518023 -0.157596
0.975062 0.420482 0.013822
0.971146 0.382810 0.036829
0.972803 0.348164 0.103021
0.968339 0.544664 -0.349818
0.972331 0.589463 -0.303813
0.973124 0.427971 -0.014419
0.949258 -0.004961 0.542363
0.975077 0.507732 -0.121267
0.973397 0.532592 -0.196582
0.972787 0.497907 -0.149024
0.959627 0.106863 0.389903
0.956777 0.146127 0.284802
0.943105 -0.060549 0.665366
0.970799 0.546582 -0.281371
0.965841 0.137697 0.349865
0.954118 0.042535 0.471599
0.972406 0.462819 -0.091347
0.970291 0.527734 -0.265634
0.970344 0.444711 -0.106270
0.970667 0.597521 -0.348561
0.970549 0.422755 -0.054258
0.961529 0.108858 0.389770
0.950156 -0.003642 0.545900
0.974035 0.491383 -0.111120
0.961659 0.114630 0.382450
0.971875 0.300080 0.160703
0.949452 -0.003813 0.540936
0.971543 0.318144 0.139025
0.944118 -0.047722 0.630902
0.973192 0.433013 -0.022151
0.968954 0.306557 0.141905
0.936686 -0.077165 0.625600
0.962664 0.139074 0.352090
0.971943 0.398018 0.021214
0.972239 0.282317 0.178550
0.972876 0.582189 -0.283386
0.971870 0.329190 0.125511
0.943361 -0.034604 0.567353
0.948625 -0.030857 0.628356
0.951835 -0.008599 0.576488
0.957422 0.062976 0.448672
0.948932 0.007636 0.509651
0.975605 0.408311 0.030221
0.947832 -0.000769 0.520097
0.967835 0.391172 -0.061702
0.966391 0.346715 0.002420
0.969239 0.394783 -0.027466
0.947449 0.030243 0.423725
0.972418 0.400836 0.022576
0.942132 -0.046539 0.593755
0.964402 0.309212 0.034099
0.969036 0.220426 0.253473
0.966988 0.379680 -0.062723
0.958730 0.106853 0.387121
0.962847 0.137838 0.353791
0.968962 0.306552 0.141987
0.942273 -0.043482 0.583717
0.958492 0.170168 0.258998
0.959843 0.123146 0.367184
0.942005 -0.039203 0.562530
0.968084 0.473365 -0.236838
0.963302 0.161736 0.323768
0.964984 0.341309 -0.037622
0.971540 0.631287 -0.358151
0.934666 -0.089355 0.637830
0.960318 0.140510 0.343155
0.943539 -0.090977 0.723234
0.935686 -0.080110 0.610138
0.963119 0.303408 -0.006396
0.974870 0.451035 -0.031737
0.949357 0.021524 0.481952
0.945799 -0.027983 0.576380
0.941346 -0.045247 0.574641
0.966541 0.347582 0.005273
0.951421 0.020944 0.498498
0.946930 -0.037769 0.632000
0.939754 -0.102673 0.721597
0.963340 0.418249 -0.341972
0.962554 0.212830 0.235985
0.940376 -0.115760 0.752708
0.941573 -0.059577 0.640687
0.939750 -0.042761 0.505786
0.952657 0.047009 0.455700
0.968742 0.263321 0.203533
0.939446 -0.045534 0.511323
0.948467 0.010583 0.498753
0.960168 0.157683 0.313599
0.943582 -0.005398 0.436431
0.933248 -0.102137 0.547152
0.944908 -0.014862 0.525395
0.968001 0.542158 -0.358999
0.946047 0.102461 0.769798
0.946993 0.010371 0.482038
0.971343 0.511240 -0.209325
0.971157 0.501133 -0.196002
0.966534 0.320184 0.074442
0.930675 -0.114257 0.640270
0.941048 -0.054766 0.610298
0.944628 0.002599 0.451547
0.934526 -0.085652 0.581053
0.949647 0.049346 0.413355
0.939269 -0.046971 0.510862
0.930470 -0.140648 0.719364
0.948386 0.042635 0.400678
0.936004 -0.086450 0.656074
0.959870 0.157759 0.310568
0.961810 0.187121 0.276434
0.937868 -0.072003 0.627656
0.946681 -0.089033 0.734863
0.951388 -0.070158 0.733468
0.941317 -0.037687 0.542311
0.959833 0.225640 0.110476
0.950515 -0.077206 0.750594
0.917083 0.204643 0.796171
0.941344 -0.110600 0.759131
0.932461 -0.101585 0.633476
0.940199 -0.055013 0.594866
0.961495 0.199009 0.248820
0.934269 -0.127873 0.729144
0.950011 -0.080484 0.748744
0.938139 0.167111 0.773241
0.941066 -0.102794 0.727896
0.955297 0.034971 0.755426
0.933442 -0.127386 0.722470
0.947471 -0.032360 0.616065
0.939597 0.006590 0.788554
0.935921 -0.075557 0.576397
0.942062 -0.096285 0.723639
0.941618 -0.041729 0.372408
0.934191 -0.088833 0.607852
0.930350 -0.118213 0.659168
0.930658 -0.147237 0.546200
0.940458 -0.071197 0.667272
0.925778 -0.202376 0.639223
0.931247 -0.132590 0.713120
0.927843 -0.151663 0.704029
0.925365 -0.185854 0.697032
0.929621 -0.124449 0.665823
0.941442 0.344100 0.728061
0.927327 -0.144909 0.653311
0.943033 -0.053015 0.636363
0.949898 -0.009017 0.558722
0.948724 0.002127 0.772823
0.962322 0.311349 -0.079898
0.960835 0.294376 -0.120347
0.930120 -0.130819 0.580065
0.960224 0.012514 0.737642
0.949026 -0.022185 0.771677
0.949830 -0.048238 0.766957
0.956471 0.053834 0.460736
0.947463 -0.086451 0.759737
0.957036 0.112381 0.743661
0.942736 -0.107666 0.756542
0.948201 -0.088454 0.751308
0.946821 -0.089245 0.735926
0.930262 -0.117408 0.640834
0.946122 0.017307 0.777758
0.944210 -0.066361 0.689949
0.940485 -0.035799 0.474138
0.939370 -0.112953 0.734628
0.928984 -0.128148 0.652132
0.934542 -0.085922 0.566456
0.952825 -0.050533 0.756715
0.943115 -0.011990 0.404540
0.948317 -0.023467 0.773174
0.939668 -0.116381 0.743182
0.956301 0.169567 0.139151
0.957429 0.110268 0.374776
0.932270 -0.128855 0.715859
0.938128 0.072450 0.787552
0.909320 0.243320 0.797037
0.953877 -0.059270 0.735183
0.948591 0.013004 0.772890
0.953529 0.089600 0.755342
0.326419 0.804741 0.773626
0.931450 -0.052283 0.784312
0.954383 0.137496 -0.121142
0.930987 -0.142691 0.746428
0.935344 -0.128915 0.739608
0.903157 0.219740 0.810114
0.887682 0.299116 0.807092
0.944824 0.246648 0.745707
0.930327 -0.146628 0.729892
0.947098 -0.088836 0.759248
0.948298 -0.074717 0.763788
0.945830 -0.004133 0.506628
0.946636 0.086334 0.770782
0.967011 0.232544 0.239383
0.950341 0.082377 0.763539
0.929732 -0.143720 0.716602
0.942438 0.042045 0.783090
0.931888 0.211649 0.774065
0.932716 -0.118565 0.701677
0.926720 -0.193787 0.613379
0.934819 -0.098865 0.772820
-0.778541 0.900827 0.746659
0.943485 -0.053436 0.778967
0.892462 0.237970 0.817312
0.957078 -0.021254 0.746430
0.944977 -0.014136 0.524173
0.950100 0.040162 0.768152
-0.668699 0.927557 0.724593
0.679226 0.636427 0.803488
0.951996 -0.042448 0.761702
0.928674 -0.110058 0.763597
0.949213 -0.046869 0.768777
0.943920 -0.068596 0.692204
0.947349 -0.001868 0.775726
0.874290 0.355907 0.803013
0.947784 0.030074 0.773814
0.917918 0.155748 0.804300
0.947793 0.049043 0.772416
0.860175 0.547329 0.744141
0.941802 -0.102180 0.765921
0.924327 0.330747 0.755737
0.925127 -0.191929 0.691555
0.953027 0.071391 0.758563
0.909148 0.216259 0.803672
0.852948 0.383706 0.821030
0.744803 0.595586 0.793274
-0.342600 0.917897 0.747141
0.933294 -0.033624 0.788886
0.919898 0.147868 0.803076
0.957662 -0.008359 0.746341
0.935253 0.107487 0.787831
0.036610 0.860012 0.751058
0.603161 0.749223 0.745402
0.932142 -0.128611 0.758180
0.939253 -0.117774 0.756590
-0.331663 0.911882 0.750843
0.926275 -0.168833 0.700710
0.921089 0.085417 0.804190
0.936650 0.085547 0.788448
0.557168 0.703280 0.810481
0.927252 -0.028959 0.786205
0.935648 -0.104269 0.770780
0.930974 -0.138917 0.750763
0.931162 -0.144364 0.740454
0.928443 0.159112 0.789698
0.926170 0.031628 0.797973
0.927386 -0.041540 0.783156
0.942608 -0.061361 0.292328
0.916807 0.023115 0.782540
0.906267 0.180394 0.812532
0.940566 -0.106474 0.730744
0.734717 0.555708 0.828449
0.437834 0.751020 0.819329
-0.620725 0.925215 0.713686
0.830934 0.413427 0.828629
0.321736 0.792170 0.806322
0.545949 0.711161 0.807518
-0.354024 0.904936 0.724314
0.001140 0.864102 0.785351
0.937974 -0.099162 0.772119
-0.566798 0.928112 0.723730
0.937920 0.191504 0.768870
0.919444 -0.001030 0.780872
0.936491 0.054223 0.791505
0.938559 0.180728 0.769950
0.920498 -0.103519 0.741612
0.909100 0.323648 0.776078
0.846797 0.465147 0.791239
0.938727 -0.028195 0.787474
0.311858 0.798480 0.794589
0.933698 -0.102013 0.771347
0.948815 0.017701 0.772247
0.939281 -0.109632 0.765437
0.766556 0.538513 0.812109
0.076656 0.850834 0.772546
0.328314 0.790033 0.807538
-0.515294 0.924051 0.725890
0.683924 0.654884 0.787928
0.933661 -0.115970 0.765420
0.091320 0.847107 0.789001
0.930550 -0.169334 0.540128
0.159658 0.835555 0.805818
-0.616484 0.928977 0.721903
0.868431 0.474657 0.766582
0.755043 0.599730 0.785131
0.934326 0.091120 0.791320
-0.269086 0.897624 0.739058
-0.670259 0.927816 0.724549
0.928416 -0.156024 0.721980
0.404161 0.779855 0.783920
0.946066 0.041636 0.776478
0.933238 -0.054173 0.784732
0.782037 0.505437 0.833496
0.911059 0.219634 0.800526
0.947366 -0.065205 0.769511
0.552490 0.697098 0.825377
-0.435512 0.926977 0.731831
-0.565751 0.931865 0.723294
0.929440 -0.127609 0.757142
0.939205 -0.080505 0.777673
-0.646681 0.929764 0.724680
-0.730768 0.885050 0.757499
0.935498 -0.031391 0.788999
0.571301 0.689253 0.819511
0.904688 0.206016 0.811090
0.906185 0.207124 0.809196
0.062169 0.856377 0.752465
0.877170 0.294704 0.821096
0.554651 0.696593 0.822992
0.948573 0.173504 0.753327
-0.298625 0.912436 0.754433
-0.386103 0.923276 0.738285
0.201070 0.827676 0.811125
0.298150 0.872889 0.753666
0.877050 0.304683 0.811134
-0.613351 0.926759 0.669458
0.795525 0.482837 0.832511
-0.730596 0.841884 0.816963
0.812841 0.544418 0.778262
-0.547846 0.934273 0.682301
0.547705 0.707548 0.834301
0.929945 0.141677 0.790571
0.857534 0.386688 0.808448
0.920053 0.061736 0.799587
0.487637 0.757943 0.830167
0.911175 0.215911 0.801227
-0.049125 0.902060 0.749461
-0.157267 0.921574 0.680031
-0.116042 0.880480 0.721617
0.224110 0.825696 0.814475
0.694716 0.611567 0.836696
0.202506 0.856484 0.796865
0.347023 0.824697 0.727512
-0.812096 0.855453 0.806008
0.129838 0.839484 0.790638
0.929612 -0.053732 0.782478
-0.801485 0.834472 0.868526
0.431320 0.774340 0.828473
0.938831 -0.153670 0.427933
-0.722704 0.835096 0.846924
0.693497 0.611055 0.813977
-0.706699 0.903399 0.732484
-0.787920 0.850453 0.816770
-0.772150 0.882685 0.779900
-0.191505 0.915272 0.733209
0.895201 0.212287 0.805150
-0.758138 0.858054 0.798156
-0.657536 0.927902 0.714861
0.044463 0.855950 0.773090
0.342484 0.730757 0.609128
0.351515 0.725994 0.590843
0.329728 0.726352 0.623979
0.366236 0.689061 0.600642
0.366100 0.698204 0.576811
0.364172 0.700990 0.566719
0.363459 0.708781 0.573724
0.364576 0.678759 0.591363
0.366644 0.696698 0.594299
0.342572 0.728086 0.597637
0.320896 0.712142 0.632945
0.362232 0.694811 0.557764
0.317584 0.619885 0.680306
0.322789 0.720343 0.638885
0.346546 0.721813 0.574867
0.358493 0.716135 0.571135
0.317530 0.704453 0.635347
0.332879 0.727127 0.615962
0.330814 0.728030 0.624207
0.366207 0.701958 0.585356
0.364178 0.703138 0.568567
0.348985 0.723607 0.579369
0.339769 0.729597 0.606852
0.358075 0.714475 0.566146
0.321934 0.621378 0.668487
0.303225 0.667488 0.661693
0.299902 0.631767 0.687148
0.061436 0.496140 0.862707
0.325764 0.717883 0.621135
0.365430 0.681773 0.594630
0.328858 0.716522 0.603609
0.326901 0.716115 0.611401
0.359444 0.676791 0.562666
0.365311 0.689472 0.573218
0.342893 0.699280 0.530541
0.342039 0.717223 0.567082
0.337769 0.725353 0.598118
0.356174 0.722214 0.600530
0.363624 0.676072 0.604892
0.362517 0.703867 0.562531
0.280181 0.586557 0.707995
0.300909 0.663904 0.657453
0.360910 0.668517 0.600254
0.359905 0.691746 0.551380
0.244923 0.563015 0.744433
0.245324 0.572844 0.678576
0.318174 0.695061 0.588847
0.266899 0.606518 0.643286
0.291508 0.647818 0.646824
0.304814 0.674565 0.646884
-0.028544 0.384225 0.893496
0.302148 0.668465 0.622937
0.270166 0.597703 0.681141
0.238103 0.558456 0.750310
0.322011 0.721668 0.643753
0.257288 0.568127 0.712962
0.344818 0.706706 0.541783
0.314240 0.695354 0.630808
0.330148 0.712072 0.583968
0.177168 0.515930 0.788110
0.068251 0.446707 0.856650
0.317430 0.705995 0.640747
0.259082 0.585316 0.680847
0.353833 0.667662 0.560049
0.274685 0.619180 0.648312
0.126250 0.487491 0.830265
0.346187 0.691436 0.527411
0.331809 0.660920 0.524191
0.317920 0.621848 0.683365
0.360557 0.667779 0.605088
0.290646 0.646099 0.628708
0.343562 0.641356 0.621751
0.340516 0.708751 0.547641
0.058181 0.438266 0.859533
0.351241 0.702433 0.539867
0.356954 0.693348 0.544359
0.325794 0.634469 0.570323
0.346848 0.646788 0.600854
0.185104 0.518971 0.666279
0.249496 0.577295 0.678426
0.277756 0.620311 0.621385
0.320819 0.706525 0.617510
0.344469 0.669428 0.535032
0.347449 0.662409 0.552406
0.342312 0.709315 0.547536
0.293242 0.594510 0.663992
0.320857 0.688698 0.526834
0.359792 0.703352 0.554408
0.173362 0.512679 0.782104
0.311091 0.635727 0.538283
0.070483 0.443868 0.847069
0.287385 0.636051 0.603056
0.349071 0.651471 0.589331
0.339055 0.699538 0.530277
0.142993 0.488110 0.681050
0.297350 0.597597 0.663003
0.272452 0.620984 0.519880
0.311604 0.680401 0.547432
0.288279 0.617374 0.551044
-0.251750 0.206432 0.940280
0.323627 0.656649 0.517730
-0.304443 0.181966 0.947913
-0.160232 0.350496 0.688766
0.333276 0.661892 0.525218
0.238298 0.548329 0.692435
0.276928 0.621733 0.635302
0.337566 0.694415 0.523154
0.215114 0.513060 0.699614
-0.470800 0.133569 0.964525
0.198297 0.575567 0.577736
0.268008 0.630174 0.491990
0.346366 0.703501 0.537323
0.296314 0.662671 0.498581
0.342893 0.677340 0.525152
0.113284 0.473731 0.828069
-0.019787 0.382961 0.888546
0.312680 0.653853 0.506636
0.309699 0.613430 0.607761
0.309047 0.678170 0.583621
-0.297571 0.153648 0.946585
-0.296534 0.179900 0.946924
0.267486 0.639436 0.471476
0.329879 0.681339 0.509641
0.230014 0.594405 0.547298
0.317884 0.669324 0.499527
0.286430 0.632327 0.590779
0.176546 0.519495 0.746001
0.290346 0.616584 0.556489
-0.059874 0.364984 0.902502
0.310814 0.681344 0.583061
0.301194 0.667050 0.496640
0.281172 0.625672 0.534222
0.192203 0.538882 0.694674
0.269954 0.603276 0.615337
0.311801 0.687474 0.615465
0.203148 0.551209 0.663697
0.262314 0.579966 0.641345
-0.603858 -0.203416 0.980142
0.270759 0.578899 0.673357
0.261513 0.582670 0.607917
0.230518 0.561122 0.663342
0.055595 0.441250 0.828474
-0.503474 0.000333 0.970192
0.260106 0.575775 0.656424
0.245497 0.577655 0.650823
0.301736 0.665414 0.600415
0.159578 0.529543 0.693121
0.229616 0.578204 0.599540
-0.599850 -0.139371 0.978587
0.290196 0.655328 0.481441
0.335543 0.694304 0.522744
-0.145152 0.365668 0.866046
-0.184730 0.257578 0.914409
0.146987 0.577974 0.526429
-0.537752 0.049010 0.971507
0.161741 0.585832 0.507252
0.266389 0.639754 0.468525
0.091228 0.472844 0.790057
0.266555 0.625037 0.502315
0.265855 0.583398 0.633472
0.252385 0.628899 0.472802
0.004166 0.411523 0.845658
0.303073 0.666484 0.562873
0.250905 0.532631 0.575983
-0.178494 0.268327 0.927966
-0.204556 0.296582 0.899360
-0.116836 0.344434 0.878499
-0.097947 0.332510 0.911431
0.260806 0.581350 0.632228
0.260308 0.635536 0.467931
-0.021166 0.378674 0.875903
0.221717 0.553512 0.680437
0.065459 0.489506 0.744549
-0.519106 0.020738 0.970878
0.239490 0.465462 0.555954
0.261293 0.599394 0.656887
0.139508 0.562149 0.579669
0.027513 0.454752 0.794862
-0.417838 0.006352 0.961928
0.232361 0.617751 0.452311
0.322611 0.698260 0.568375
-0.121357 0.320024 0.892005
0.276394 0.626650 0.509850
0.246877 0.510579 0.567558
-0.537470 0.282592 0.690713
0.277651 0.610069 0.577969
0.291861 0.648439 0.488575
0.197224 0.602434 0.478895
-0.008660 0.401770 0.852422
-0.460429 -0.038867 0.967510
0.215880 0.606708 0.444334
0.028120 0.417423 0.851130
-0.174184 0.252368 0.921968
-0.538571 -0.179856 0.977123
0.243364 0.579517 0.611760
0.304236 0.670012 0.530655
-0.380039 0.081484 0.957661
0.063488 0.495937 0.730727
0.116983 0.494420 0.758019
-0.090042 0.401107 0.841155
-0.210223 0.271275 0.908118
0.141193 0.524155 0.695707
0.266727 0.575650 0.680975
-0.083447 0.378308 0.858908
0.161930 0.571159 0.563800
0.233765 0.573501 0.451983
0.039490 0.431870 0.834107
0.299652 0.664263 0.522058
-0.478161 -0.093679 0.971119
-0.158446 0.303077 0.896982
0.088784 0.537472 0.634717
0.259725 0.613018 0.480440
0.121402 0.515135 0.708510
-0.014883 0.387604 0.887494
-0.070816 0.546889 0.566936
0.230020 0.584883 0.577791
-0.327977 0.182023 0.936540
0.144397 0.567723 0.417011
0.187136 0.542388 0.676894
0.154427 0.580463 0.523032
0.212623 0.606441 0.487101
0.200729 0.582769 0.429114
0.296944 0.655485 0.553836
-0.434850 0.011196 0.964151
0.293309 0.649906 0.543185
0.163116 0.568744 0.415537
0.032202 0.466996 0.776796
0.259474 0.630477 0.479727
-0.443194 -0.034705 0.966139
-0.337221 0.103871 0.951037
-0.346555 0.131762 0.944936
-0.549969 -0.207989 0.978585
0.107779 0.553267 0.592747
0.226163 0.615585 0.451808
-0.648336 -0.231575 0.982298
-0.327537 0.116483 0.946217
0.275589 0.624823 0.509722
-0.479468 -0.241321 0.979785
-0.024026 0.475668 0.756610
-0.125764 0.293506 0.910816
-0.644220 0.010636 0.978554
0.227869 0.579741 0.445539
-0.124441 0.306920 0.899253
0.256408 0.543275 0.567077
-0.170805 0.392769 0.852180
0.036829 0.421362 0.852512
-0.299740 0.194114 0.931442
0.199208 0.482007 0.617164
0.194331 0.603121 0.458284
0.178295 0.551082 0.640796
0.115777 0.556722 0.410443
-0.007959 0.462717 0.777206
0.247545 0.602897 0.540454
-0.070580 0.512213 0.691716
-0.167131 0.314780 0.891555
-0.358185 0.094007 0.950106
-0.359569 -0.089271 0.966671
-0.457011 -0.104286 0.972395
0.029279 0.551609 0.567498
0.237040 0.578903 0.605834
-0.059852 0.407277 0.837144
0.254123 0.508234 0.520955
-0.530247 -0.046623 0.972907
-0.355280 -0.081993 0.966419
-0.324185 0.344589 0.905667
0.187578 0.593340 0.505962
0.259070 0.542940 0.542670
-0.488401 -0.095231 0.971565
-0.557110 -0.131156 0.976309
-0.114392 0.502641 0.721473
-0.311956 0.126527 0.945988
0.252589 0.561179 0.487571
0.245860 0.452302 0.532151
0.098907 0.512795 0.704018
0.107412 0.573083 0.508523
-0.534968 -0.244929 0.980118
-0.168716 0.288426 0.902768
-0.460552 -0.175108 0.977038
-0.000768 0.553056 0.544613
0.186292 0.599961 0.464701
-0.308326 -0.091459 0.971459
0.148537 0.573614 0.545054
-0.344644 -0.105504 0.968380
0.005958 0.555727 0.523120
-0.295413 0.166242 0.936337
-0.488016 -0.176870 0.973034
-0.427442 -0.007911 0.963481
-0.208365 0.255618 0.913343
-0.011993 0.491542 0.729357
0.161454 0.590937 0.472524
-0.222813 0.351388 0.880388
-0.231560 0.394692 0.861889
-0.040163 0.472881 0.761046
-0.122605 0.311070 0.897078
-0.450354 -0.156899 0.976339
0.215413 0.485427 0.603172
-0.365142 0.072661 0.953445
-0.381048 0.210938 0.946677
-0.355776 0.331852 0.919774
-0.484358 0.021964 0.961702
0.255768 0.553089 0.500339
-0.154653 0.466209 0.786840
-0.338461 -0.081169 0.967128
0.074759 0.514046 0.692912
0.139018 0.568246 0.419115
-0.436929 -0.040084 0.967794
-0.147053 0.502019 0.732606
-0.383864 0.064423 0.957921
-0.424816 -0.037298 0.969982
-0.311781 0.222256 0.928162
-0.088052 0.429057 0.816402
-0.400538 0.195986 0.959611
-0.045118 0.547882 0.564323
0.047205 0.524222 0.661292
0.209955 0.601209 0.440290
-0.504236 -0.249764 0.980237
-0.139431 0.447086 0.804334
-0.360193 0.397205 0.903707
0.172796 0.582557 0.427575
-0.443015 -0.036812 0.966350
-0.363346 0.121727 0.948207
-0.435245 -0.200071 0.978811
0.293790 0.660488 0.490710
-0.268041 0.197056 0.929287
0.252820 0.564846 0.487212
0.004315 0.534497 0.626953
-0.020555 0.514425 0.681419
-0.364139 0.301658 0.928921
-0.426649 -0.006003 0.963315
0.016941 0.535103 0.626246
-0.345563 0.231929 0.933505
-0.108525 0.454726 0.791090
-0.383113 0.019424 0.972559
-0.262429 0.446976 0.839173
0.257542 0.358281 0.455252
0.223796 0.501424 0.421838
-0.422568 -0.127211 0.975997
-0.394277 0.070917 0.956836
-0.415647 0.009764 0.961580
-0.248668 0.464087 0.820196
-0.552151 -0.122016 0.964770
-0.470880 -0.151912 0.975267
-0.125306 0.484491 0.755124
0.122946 0.545407 0.395828
-0.339031 0.506972 0.827973
-0.130800 0.530495 0.659431
-0.380988 -0.019176 0.973999
-0.419933 0.005598 0.963219
0.010136 0.552138 0.556854
-0.412675 0.017992 0.961248
0.149730 0.529586 0.383911
-0.104578 0.530463 0.442044
-0.355005 0.112537 0.947870
-0.400324 0.583279 0.750136
0.232634 0.478980 0.426647
-0.351029 0.243228 0.933453
-0.363340 -0.026947 0.975129
-0.295867 0.299718 0.909792
-0.196780 0.540088 0.496739
-0.026607 0.542082 0.597782
-0.077901 0.545544 0.577391
-0.381527 -0.118403 0.977107
-0.268251 0.228743 0.922075
-0.292984 0.252650 0.919709
-0.339833 0.400696 0.893477
-0.373612 0.077240 0.953006
-0.374081 0.384548 0.914385
-0.300450 0.454987 0.849297
-0.293846 0.007353 0.971333
0.229507 0.447032 0.401751
-0.518912 0.098484 0.965140
-0.346691 0.567603 0.720423
-0.177838 0.503032 0.742497
0.227461 0.517367 0.609942
-0.113445 0.542103 0.605534
-0.374466 -0.067926 0.975861
-0.384739 0.426252 0.905929
-0.402953 0.086280 0.964968
-0.457681 -0.228870 0.979455
-0.377449 0.306569 0.933574
-0.459837 0.504388 0.928310
-0.284191 0.547171 0.713890
-0.306373 0.551535 0.724427
0.205958 0.600889 0.440258
-0.110839 0.351302 0.874848
-0.411529 0.515475 0.874121
0.075906 0.519568 0.370381
0.202609 0.600220 0.440199
-0.371248 0.487662 0.865575
-0.422943 -0.002121 0.963329
-0.360909 0.375983 0.910703
-0.358614 0.120291 0.972153
-0.275382 0.510876 0.781486
-0.504014 0.079378 0.964065
-0.235600 0.414736 0.851661
-0.399119 0.197411 0.957515
-0.384226 0.085144 0.954144
-0.450186 0.536915 0.891340
-0.340453 0.122790 0.972620
-0.453765 0.082703 0.963854
-0.139467 0.418131 0.830380
-0.392303 -0.152778 0.977837
-0.413799 0.494935 0.890885
-0.487686 0.541957 0.937058
-0.382785 0.100199 0.953241
-0.136241 0.532884 0.653660
-0.294016 -0.022456 0.971372
-0.446986 0.464296 0.938070
-0.312060 -0.007930 0.966402
-0.318319 -0.050190 0.966913
-0.324503 0.252521 0.925490
-0.111364 0.547324 0.543804
-0.305710 0.101179 0.970907
-0.082330 0.539071 0.463846
-0.398819 0.500868 0.875375
-0.439160 -0.062977 0.970244
-0.365320 0.287463 0.931727
-0.404051 0.085210 0.963181
-0.403961 0.368349 0.966727
-0.377964 0.195545 0.946738
0.268570 0.269252 0.350313
-0.407950 0.026789 0.960235
-0.388758 0.182191 0.951879
-0.493404 -0.171818 0.976115
